10,0,29,29,5
10,0,6,6,5
10,0,8,8,5
10,0,6,6,5
10,0,5,5,5
10,0,6,6,5
10,0,7,7,5
10,0,5,5,5
10,0,5,5,5
10,0,6,6,5
100,0,44,44,11
100,1,94,95,11
100,0,47,47,11
100,0,39,39,11
100,0,41,41,11
100,0,40,40,11
100,0,67,67,11
100,0,42,42,11
100,0,52,52,11
100,0,38,38,11
1000,5,816,821,17
1000,3,546,549,17
1000,3,963,966,17
1000,3,524,527,17
1000,3,515,518,17
1000,3,538,541,17
1000,5,813,818,17
1000,3,522,525,17
1000,5,813,818,17
1000,3,535,538,17
10000,33,7674,7707,24
10000,53,8036,8089,24
10000,33,8487,8520,24
10000,33,7389,7422,24
10000,46,8141,8187,24
10000,33,7931,7964,24
10000,33,8279,8312,24
10000,33,11641,11674,24
10000,57,8579,8636,24
10000,54,8717,8771,24
100000,528,115762,116290,31
100000,333,109802,110135,31
100000,335,110010,110345,31
100000,335,92664,92999,27
100000,344,90584,90928,27
100000,333,94108,94441,27
100000,332,92346,92678,27
100000,346,92176,92522,27
100000,332,96255,96587,27
100000,539,98434,98973,29
1000000,3466,694882,698348,20
1000000,3496,840892,844388,24
1000000,3364,990547,993911,28
1000000,3348,778918,782266,22
1000000,3462,928376,931838,26
1000000,3366,808662,812028,23
1000000,3770,886570,890340,24
1000000,3404,721897,725301,20
1000000,3829,828558,832387,21
1000000,3524,1030735,1034259,30
1000,6,745,751,18
1000,3,877,880,18
1000,6,571,577,18
1000,3,632,635,18
1000,3,583,586,18
1500,5,1139,1144,18
1500,5,1018,1023,18
1500,9,1319,1328,18
1500,5,1013,1018,18
1500,8,900,908,18
2000,6,1284,1290,19
2000,7,1238,1245,19
2000,7,1315,1322,19
2000,6,1439,1445,19
2000,7,1383,1390,19
2500,8,1713,1721,21
2500,8,1837,1845,21
2500,8,1654,1662,21
2500,8,1691,1699,21
2500,8,1950,1958,21
3000,10,1888,1898,21
3000,10,1937,1947,21
3000,10,2261,2271,21
3000,10,2535,2545,21
3000,10,2322,2332,21
3500,12,2383,2395,21
3500,12,2475,2487,21
3500,11,2344,2355,21
3500,12,2248,2260,21
3500,12,2361,2373,21
4000,13,2765,2778,22
4000,13,3087,3100,22
4000,13,3092,3105,22
4000,22,2937,2959,22
4000,13,3341,3354,22
4500,15,3290,3305,22
4500,15,3070,3085,22
4500,15,3090,3105,22
4500,24,3113,3137,22
4500,24,3928,3952,22
5000,17,3466,3483,22
5000,26,3224,3250,22
5000,17,3504,3521,22
5000,17,3339,3356,22
5000,17,3434,3451,22
5500,18,4232,4250,25
5500,46,4258,4304,25
5500,18,4843,4861,25
5500,18,4577,4595,25
5500,18,4531,4549,25
6000,20,4429,4449,25
6000,20,4847,4867,25
6000,113,4843,4956,25
6000,20,4491,4511,25
6000,20,5586,5606,25
6500,21,6033,6054,26
6500,21,6528,6549,26
6500,21,5437,5458,26
6500,22,5380,5402,26
6500,22,5367,5389,26
7000,23,5602,5625,26
7000,23,5668,5691,26
7000,23,5758,5781,26
7000,36,5658,5694,26
7000,23,6922,6945,26
7500,25,6534,6559,28
7500,25,6735,6760,28
7500,25,7250,7275,28
7500,25,4865,4890,21
7500,34,4916,4950,21
8000,26,6221,6247,21
8000,30,5787,5817,21
8000,26,6569,6595,21
8000,42,5120,5162,21
8000,26,5361,5387,21
8500,28,5414,5442,19
8500,46,4874,4920,19
8500,28,5164,5192,19
8500,28,5408,5436,19
8500,28,5363,5391,19
9000,30,5608,5638,20
9000,47,6171,6218,20
9000,30,5719,5749,20
9000,30,5959,5989,20
9000,30,5677,5707,20
9500,31,5228,5259,18
9500,31,5333,5364,18
9500,31,6575,6606,18
9500,51,5580,5631,18
9500,32,5174,5206,18
10000,36,6223,6259,18
10000,33,6129,6162,18
10000,33,5696,5729,18
10000,33,5676,5709,18
10000,33,7156,7189,18
10500,35,6505,6540,18
10500,35,6282,6317,18
10500,42,6047,6089,18
10500,35,6070,6105,18
10500,35,6194,6229,18
11000,37,7201,7238,19
11000,36,6352,6388,19
11000,36,6556,6592,19
11000,36,7294,7330,19
11000,57,6903,6960,19
11500,41,6787,6828,19
11500,38,6870,6908,19
11500,38,7047,7085,19
11500,38,7220,7258,19
11500,38,6897,6935,19
12000,40,7828,7868,21
12000,69,8122,8191,21
12000,40,7763,7803,21
12000,40,8710,8750,21
12000,40,7767,7807,21
12500,59,8894,8953,21
12500,42,8988,9030,21
12500,41,8361,8402,21
12500,49,10310,10359,26
12500,42,10551,10593,26
13000,43,13806,13849,26
13000,43,10990,11033,26
13000,43,12244,12287,26
13000,43,10519,10562,26
13000,43,10792,10835,26
13500,45,13477,13522,28
13500,45,12134,12179,28
13500,45,11758,11803,28
13500,45,11987,12032,28
13500,45,11628,11673,28
14000,46,12351,12397,28
14000,46,17153,17199,28
14000,72,16746,16818,28
14000,46,15029,15075,28
14000,69,11840,11909,28
14500,78,12568,12646,28
14500,48,12779,12827,28
14500,48,13366,13414,28
14500,48,12398,12446,28
14500,48,13527,13575,28
15000,79,13637,13716,28
15000,50,13447,13497,28
15000,50,12958,13008,28
15000,50,13321,13371,28
15000,50,12944,12994,28
15500,51,13361,13412,28
15500,51,13410,13461,28
15500,51,13127,13178,28
15500,51,13539,13590,28
15500,57,13411,13468,28
16000,53,14340,14393,28
16000,53,13799,13852,28
16000,85,11892,11977,23
16000,70,11764,11834,23
16000,53,11364,11417,23
16500,55,12610,12665,23
16500,55,12259,12314,23
16500,55,13058,13113,23
16500,55,11591,11646,23
16500,55,11747,11802,23
17000,56,11764,11820,23
17000,56,13178,13234,23
17000,56,15215,15271,23
17000,60,12278,12338,23
17000,56,12349,12405,23
17500,58,13722,13780,23
17500,58,12776,12834,23
17500,58,12956,13014,23
17500,58,12233,12291,23
17500,58,12455,12513,23
18000,60,13149,13209,23
18000,69,13189,13258,23
18000,60,12711,12771,23
18000,60,13148,13208,23
18000,60,13148,13208,23
18500,61,12592,12653,23
18500,61,13168,13229,23
18500,61,12704,12765,23
18500,61,13466,13527,23
18500,61,13740,13801,23
19000,63,13679,13742,23
19000,63,14036,14099,23
19000,63,13176,13239,23
19000,63,14132,14195,23
19000,63,14617,14680,23
19500,65,13706,13771,23
19500,65,13027,13092,22
19500,95,14573,14668,22
19500,109,14316,14425,22
19500,75,15138,15213,22
20000,105,15636,15741,23
20000,66,14328,14394,23
20000,66,14050,14116,23
20000,73,13861,13934,23
20000,72,15750,15822,23
20500,68,14386,14454,23
20500,68,14830,14898,23
20500,68,14434,14502,23
20500,71,15285,15356,23
20500,75,14426,14501,23
21000,70,15384,15454,24
21000,70,16405,16475,24
21000,70,16145,16215,24
21000,70,15238,15308,24
21000,70,15387,15457,24
21500,71,16694,16765,25
21500,71,17008,17079,25
21500,71,16487,16558,25
21500,71,16272,16343,25
21500,71,17935,18006,25
22000,73,17832,17905,25
22000,73,17330,17403,25
22000,76,17843,17919,25
22000,73,17013,17086,25
22000,73,17576,17649,25
22500,85,20974,21059,30
22500,75,21724,21799,30
22500,75,21450,21525,30
22500,75,21197,21272,30
22500,123,24554,24677,30
23000,76,22905,22981,30
23000,76,21285,21361,30
23000,76,21029,21105,30
23000,76,21836,21912,30
23000,76,21587,21663,30
23500,78,22606,22684,31
23500,78,23099,23177,31
23500,78,22426,22504,31
23500,78,21997,22075,31
23500,78,22428,22506,31
24000,80,23272,23352,31
24000,80,22815,22895,31
24000,80,23724,23804,31
24000,80,23395,23475,31
24000,80,22645,22725,31
24500,84,24045,24129,30
24500,81,22937,23018,30
24500,81,23695,23776,30
24500,81,21872,21953,25
24500,283,25120,25403,25
25000,170,20052,20222,25
25000,83,19329,19412,25
25000,83,20607,20690,25
25000,83,21921,22004,25
25000,83,20234,20317,25
25500,84,23306,23390,25
25500,85,19894,19979,25
25500,185,19907,20092,25
25500,85,21574,21659,25
25500,145,19549,19694,25
26000,86,28415,28501,25
26000,86,20236,20322,25
26000,86,19557,19643,25
26000,86,20903,20989,25
26000,106,20410,20516,25
26500,88,20175,20263,25
26500,109,25742,25851,25
26500,110,19844,19954,25
26500,206,24160,24366,25
26500,116,25931,26047,25
27000,191,28515,28706,25
27000,144,29767,29911,29
27000,154,30847,31001,29
27000,109,26141,26250,29
27000,178,32058,32236,29
27500,137,28501,28638,28
27500,161,25284,25445,28
27500,183,25943,26126,28
27500,112,24472,24584,28
27500,112,24682,24794,28
28000,91,26288,26379,28
28000,113,23875,23988,28
28000,90,23705,23795,28
28000,91,23463,23554,28
28000,91,25298,25389,28
28500,92,25777,25869,28
28500,92,24576,24668,28
28500,92,24846,24938,28
28500,99,24851,24950,28
28500,93,24407,24500,28
29000,94,26050,26144,27
29000,117,26486,26603,27
29000,95,24211,24306,27
29000,112,26508,26620,27
29000,120,25684,25804,27
29500,98,25258,25356,27
29500,129,26673,26802,27
29500,121,26839,26960,27
29500,142,25330,25472,27
29500,96,27081,27177,27
30000,213,36669,36882,27
30000,123,28040,28163,27
30000,124,25350,25474,27
30000,100,25078,25178,27
30000,100,25279,25379,27
30500,101,24836,24937,27
30500,101,25144,25245,27
30500,123,25877,26000,27
30500,101,25305,25406,27
30500,176,25402,25578,27
31000,103,21268,21371,22
31000,105,22063,22168,22
31000,162,22298,22460,22
31000,103,21380,21483,22
31000,103,22335,22438,22
31500,105,21997,22102,22
31500,105,21426,21531,22
31500,105,21473,21578,22
31500,177,24313,24490,22
31500,105,23927,24032,22
32000,106,21443,21549,22
32000,106,22319,22425,22
32000,106,21310,21416,22
32000,106,24001,24107,22
32000,106,23206,23312,22
32500,108,22490,22598,22
32500,108,22628,22736,22
32500,108,22153,22261,22
32500,108,23772,23880,22
32500,108,22299,22407,22
33000,110,22813,22923,22
33000,123,28548,28671,27
33000,176,35733,35909,27
33000,110,27594,27704,27
33000,110,27144,27254,27
33500,149,28104,28253,27
33500,140,27471,27611,27
33500,140,28398,28538,27
33500,190,28306,28496,27
33500,111,30170,30281,27
34000,115,28795,28910,27
34000,116,32227,32343,27
34000,113,28451,28564,27
34000,122,30923,31045,27
34000,120,28978,29098,27
34500,115,32191,32306,27
34500,114,28706,28820,27
34500,122,28879,29001,27
34500,185,28975,29160,27
34500,200,32506,32706,29
35000,146,34047,34193,30
35000,116,32860,32976,30
35000,116,32782,32898,30
35000,116,33337,33453,30
35000,119,33338,33457,30
35500,127,32428,32555,30
35500,118,33132,33250,30
35500,177,32694,32871,30
35500,118,35122,35240,30
35500,190,41188,41378,30
36000,119,34279,34398,30
36000,119,32397,32516,30
36000,120,33271,33391,30
36000,120,33375,33495,30
36000,122,33763,33885,30
36500,121,36700,36821,31
36500,121,23514,23635,21
36500,121,23867,23988,21
36500,121,22868,22989,21
36500,121,24021,24142,21
37000,213,27354,27567,21
37000,125,25192,25317,21
37000,123,23476,23599,21
37000,123,23893,24016,21
37000,123,23757,23880,21
37500,160,22885,23045,20
37500,125,23278,23403,20
37500,124,25056,25180,20
37500,125,23666,23791,20
37500,133,23912,24045,20
38000,126,24359,24485,20
38000,126,22957,23083,20
38000,126,23317,23443,20
38000,142,33984,34126,20
38000,134,24911,25045,20
38500,128,29824,29952,25
38500,128,29580,29708,25
38500,128,30653,30781,25
38500,136,29108,29244,25
38500,128,29755,29883,25
39000,141,30031,30172,25
39000,130,34690,34820,25
39000,130,30280,30410,25
39000,130,30447,30577,25
39000,130,30482,30612,25
39500,131,30484,30615,25
39500,131,31968,32099,25
39500,131,30320,30451,25
39500,131,30751,30882,25
39500,131,30381,30512,25
40000,133,27112,27245,22
40000,133,27126,27259,22
40000,133,38574,38707,31
40000,133,40787,40920,31
40000,133,38816,38949,31
40500,135,38849,38984,31
40500,135,40536,40671,31
40500,137,38835,38972,31
40500,135,38922,39057,31
40500,150,39527,39677,31
41000,136,39466,39602,30
41000,210,39019,39229,30
41000,136,39298,39434,30
41000,154,40048,40202,30
41000,136,40022,40158,30
41500,138,39532,39670,30
41500,138,38808,38946,30
41500,138,37559,37697,30
41500,140,38331,38471,30
41500,147,38253,38400,30
42000,146,38371,38517,30
42000,139,40790,40929,30
42000,140,47316,47456,30
42000,140,39865,40005,30
42000,140,38724,38864,30
42500,141,40819,40960,30
42500,141,38531,38672,30
42500,141,39479,39620,30
42500,165,40142,40307,30
42500,166,40430,40596,30
43000,148,41346,41494,31
43000,143,46439,46582,35
43000,143,46619,46762,35
43000,207,48617,48824,35
43000,143,47103,47246,35
43500,144,47433,47577,35
43500,145,47218,47363,35
43500,261,47795,48056,35
43500,148,52854,53002,35
43500,144,46316,46460,35
44000,146,48814,48960,35
44000,146,46526,46672,35
44000,146,50838,50984,35
44000,154,47765,47919,35
44000,179,37178,37357,27
44500,169,36729,36898,27
44500,148,36653,36801,27
44500,148,37328,37476,27
44500,148,37561,37709,27
44500,148,38314,38462,27
45000,149,40269,40418,27
45000,264,38412,38676,27
45000,150,37797,37947,27
45000,149,36893,37042,27
45000,152,37562,37714,27
45500,151,40338,40489,28
45500,151,39189,39340,28
45500,151,39238,39389,28
45500,151,40184,40335,28
45500,151,49864,50015,31
46000,153,44970,45123,31
46000,153,46323,46476,31
46000,153,44054,44207,31
46000,229,45212,45441,31
46000,164,45451,45615,31
46500,247,52189,52436,31
46500,155,54880,55035,31
46500,155,45010,45165,31
46500,154,47225,47379,31
46500,191,53903,54094,31
47000,190,51773,51963,31
47000,196,47325,47521,25
47000,152,46899,47051,25
47000,162,35704,35866,25
47000,318,71871,72189,25
47500,310,53793,54103,25
47500,198,42488,42686,25
47500,154,37242,37396,25
47500,193,41978,42171,25
47500,240,34681,34921,25
48000,195,45334,45529,25
48000,156,36462,36618,25
48000,196,38144,38340,26
48000,156,37993,38149,26
48000,195,43497,43692,26
48500,159,41589,41748,26
48500,159,38575,38734,26
48500,197,38655,38852,26
48500,234,42321,42555,26
48500,199,42410,42609,26
49000,162,38917,39079,26
49000,163,44031,44194,26
49000,163,40179,40342,26
49000,163,38855,39018,26
49000,163,39435,39598,26
49500,164,40870,41034,26
49500,164,33588,33752,21
49500,205,32372,32577,21
49500,164,33187,33351,21
49500,189,32898,33087,21
50000,174,32321,32495,21
50000,166,32336,32502,21
50000,166,32722,32888,21
50000,166,32337,32503,21
50000,166,32740,32906,21
50500,252,32956,33208,21
50500,168,33319,33487,21
50500,313,32607,32920,21
50500,168,32326,32494,21
50500,286,34820,35106,21
51000,177,33156,33333,21
51000,169,41905,42074,26
51000,182,40946,41128,26
51000,169,41180,41349,26
51000,169,40663,40832,26
51500,171,40223,40394,25
51500,179,39155,39334,25
51500,171,38544,38715,25
51500,180,40114,40294,25
51500,171,40180,40351,25
52000,173,40394,40567,25
52000,173,41648,41821,25
52000,173,39657,39830,25
52000,182,40687,40869,25
52000,180,52724,52904,33
52500,191,52368,52559,32
52500,243,54823,55066,32
52500,174,54423,54597,32
52500,174,52791,52965,32
52500,283,51901,52184,32
53000,185,51948,52133,32
53000,185,52886,53071,32
53000,176,55009,55185,32
53000,176,53065,53241,32
53000,186,53252,53438,32
53500,178,55042,55220,33
53500,178,50494,50672,30
53500,202,58863,59065,30
53500,178,51231,51409,30
53500,178,50942,51120,30
54000,179,51097,51276,30
54000,179,52543,52722,30
54000,211,51537,51748,30
54000,182,51680,51862,30
54000,180,51913,52093,30
54500,181,52069,52250,30
54500,235,52390,52625,30
54500,181,45864,46045,27
54500,184,46125,46309,27
54500,184,50602,50786,27
55000,183,48305,48488,27
55000,270,49204,49474,27
55000,190,46039,46229,27
55000,183,46206,46389,27
55000,183,46754,46937,27
55500,184,47641,47825,27
55500,184,48724,48908,27
55500,193,47648,47841,27
55500,184,49328,49512,27
55500,258,52873,53131,30
56000,186,50573,50759,29
56000,186,58259,58445,29
56000,186,52256,52442,29
56000,186,50982,51168,29
56000,188,50949,51137,29
56500,188,52393,52581,29
56500,188,49381,49569,29
56500,188,49964,50152,29
56500,200,50543,50743,29
56500,188,64363,64551,29
57000,189,47565,47754,26
57000,189,46710,46899,26
57000,205,47802,48007,26
57000,199,46702,46901,26
57000,192,46713,46905,26
57500,193,46935,47128,26
57500,191,46356,46547,26
57500,199,47376,47575,26
57500,199,45645,45844,26
57500,191,46614,46805,26
58000,193,46934,47127,26
58000,193,47982,48175,26
58000,193,59659,59852,33
58000,209,62166,62375,33
58000,193,60413,60606,33
58500,293,63004,63297,34
58500,217,61925,62142,34
58500,194,61432,61626,34
58500,306,80365,80671,34
58500,194,61893,62087,34
59000,196,62518,62714,34
59000,199,64005,64204,34
59000,196,51552,51748,27
59000,262,51038,51300,27
59000,196,51187,51383,27
59500,201,50637,50838,27
59500,222,50647,50869,27
59500,198,50177,50375,27
59500,198,52431,52629,27
59500,216,50464,50680,27
60000,199,52919,53118,28
60000,199,51236,51435,28
60000,207,54835,55042,28
60000,199,46684,46883,25
60000,252,46513,46765,25
60500,201,46793,46994,25
60500,201,47583,47784,25
60500,201,47111,47312,25
60500,201,45712,45913,25
60500,211,46184,46395,25
61000,205,47431,47636,25
61000,203,47158,47361,25
61000,203,47848,48051,25
61000,222,49019,49241,25
61000,210,61882,62092,33
61500,213,63211,63424,33
61500,287,61533,61820,33
61500,239,64045,64284,33
61500,204,62823,63027,33
61500,204,63128,63332,33
62000,208,66156,66364,34
62000,206,69476,69682,34
62000,226,66909,67135,34
62000,206,64330,64536,34
62000,309,55656,55965,28
62500,208,54199,54407,28
62500,208,54107,54315,28
62500,208,56797,57005,28
62500,208,55965,56173,28
62500,208,54494,54702,28
63000,320,55307,55627,28
63000,212,54552,54764,28
63000,209,55950,56159,28
63000,209,53779,53988,28
63000,209,55983,56192,28
63500,249,56542,56791,29
63500,213,59242,59455,29
63500,211,56473,56684,29
63500,211,56879,57090,29
63500,211,59987,60198,29
64000,213,56629,56842,29
64000,213,58119,58332,29
64000,352,58008,58360,29
64000,217,61229,61446,29
64000,250,58151,58401,29
64500,214,58808,59022,29
64500,214,58942,59156,29
64500,214,59167,59381,29
64500,214,57080,57294,29
64500,214,57358,57572,29
65000,225,57545,57770,29
65000,216,58589,58805,29
65000,216,57907,58123,29
65000,216,57829,58045,29
65000,241,61432,61673,29
65500,226,60894,61120,30
65500,220,62404,62624,30
65500,232,61194,61426,30
65500,218,71279,71497,30
65500,218,66772,66990,30
66000,222,72762,72984,30
66000,219,64036,64255,30
66000,364,74879,75243,30
66000,231,69425,69656,30
66000,219,62043,62262,26
66500,251,55776,56027,26
66500,217,53760,53977,26
66500,270,63973,64243,26
66500,270,55406,55676,26
66500,216,51924,52140,26
67000,281,59817,60098,26
67000,225,54750,54975,26
67000,253,52763,53016,26
67000,225,57669,57894,28
67000,232,57499,57731,28
67500,224,58843,59067,28
67500,224,64479,64703,28
67500,219,64688,64907,28
67500,282,73421,73703,28
67500,273,73269,73542,28
68000,314,75949,76263,29
68000,281,60849,61130,29
68000,278,61592,61870,24
68000,278,60553,60831,24
68000,278,64969,65247,24
68500,286,50161,50447,24
68500,224,51375,51599,24
68500,221,53684,53905,24
68500,223,48995,49218,24
68500,224,51626,51850,24
69000,223,51888,52111,24
69000,223,54567,54790,24
69000,229,59918,60147,27
69000,233,60640,60873,27
69000,224,56226,56450,27
69500,233,56038,56271,27
69500,231,73735,73966,27
69500,226,61180,61406,27
69500,235,57963,58198,27
69500,227,56283,56510,27
70000,235,62151,62386,27
70000,235,63149,63384,27
70000,349,59844,60193,28
70000,233,70914,71147,28
70000,365,64091,64456,28
70500,295,72503,72798,29
70500,234,62169,62403,29
70500,420,65454,65874,29
70500,242,63852,64094,29
70500,234,63739,63973,29
71000,236,63591,63827,29
71000,236,65104,65340,29
71000,236,65699,65935,29
71000,261,64214,64475,29
71000,236,63831,64067,29
71500,238,65734,65972,29
71500,337,66430,66767,29
71500,398,68098,68496,29
71500,238,65487,65725,29
71500,238,64326,64564,29
72000,536,65474,66010,29
72000,239,66448,66687,29
72000,239,64310,64549,29
72000,319,66623,66942,29
72000,242,66826,67068,29
72500,241,68253,68494,29
72500,251,64250,64501,29
72500,276,63685,63961,29
72500,241,64826,65067,29
72500,252,71560,71812,32
73000,236,70983,71219,32
73000,237,71433,71670,32
73000,236,70163,70399,32
73000,236,70998,71234,32
73000,236,70156,70392,32
73500,244,78368,78612,32
73500,244,77307,77551,32
73500,244,74276,74520,32
73500,244,54519,54763,24
73500,244,54994,55238,24
74000,246,55711,55957,24
74000,262,54674,54936,24
74000,246,59405,59651,24
74000,246,56191,56437,24
74000,248,55813,56061,24
74500,248,56776,57024,24
74500,277,54457,54734,24
74500,247,81663,81910,35
74500,250,80985,81235,35
74500,247,79691,79938,35
75000,249,82747,82996,35
75000,330,79978,80308,35
75000,265,82417,82682,35
75000,249,80775,81024,35
75000,249,82501,82750,35
75500,251,66007,66258,28
75500,251,65698,65949,28
75500,251,64706,64957,28
75500,251,65419,65670,28
75500,251,64945,65196,28
76000,252,66629,66881,28
76000,263,67916,68179,28
76000,253,65576,65829,28
76000,257,65241,65498,28
76000,260,77594,77854,33
76500,254,77605,77859,33
76500,282,79862,80144,33
76500,330,76444,76774,33
76500,311,80126,80437,33
76500,247,75620,75867,33
77000,262,79679,79941,33
77000,256,82008,82264,33
77000,253,53958,54211,23
77000,256,60253,60509,23
77000,259,54680,54939,23
77500,258,55676,55934,23
77500,267,53484,53751,23
77500,317,65647,65964,23
77500,257,54675,54932,23
77500,266,57139,57405,23
78000,305,55357,55662,23
78000,259,54955,55214,23
78000,260,72560,72820,30
78000,268,72734,73002,30
78000,259,73481,73740,30
78500,261,73756,74017,30
78500,285,73265,73550,30
78500,261,71967,72228,30
78500,261,72603,72864,30
78500,261,77032,77293,30
79000,263,86890,87153,35
79000,263,86629,86892,35
79000,270,86112,86382,35
79000,262,85820,86082,35
79000,423,89278,89701,35
79500,602,96931,97533,35
79500,264,89449,89713,35
79500,274,70240,70514,28
79500,272,69498,69770,28
79500,267,71427,71694,28
80000,266,70415,70681,28
80000,266,70250,70516,28
80000,266,69597,69863,28
80000,266,74926,75192,28
80000,286,73834,74120,28
80500,357,74655,75012,30
80500,268,74543,74811,30
80500,277,75222,75499,30
80500,268,76368,76636,30
80500,276,75326,75602,30
81000,269,75042,75311,30
81000,269,77771,78040,30
81000,365,74615,74980,30
81000,275,71897,72172,27
81000,269,67130,67399,27
81500,271,68389,68660,27
81500,358,69234,69592,27
81500,281,67666,67947,27
81500,271,68035,68306,27
81500,271,68010,68281,27
82000,277,69153,69430,27
82000,353,71653,72006,27
82000,290,79347,79637,31
82000,273,79152,79425,31
82000,421,76756,77177,31
82500,274,77961,78235,31
82500,274,80000,80274,31
82500,274,77430,77704,31
82500,274,78221,78495,31
82500,274,78977,79251,31
83000,276,75277,75553,28
83000,373,73161,73534,28
83000,300,75563,75863,28
83000,374,72969,73343,28
83000,284,71373,71657,28
83500,278,74073,74351,28
83500,277,75446,75723,28
83500,281,75905,76186,28
83500,277,88680,88957,31
83500,288,79910,80198,31
84000,298,79827,80125,31
84000,436,82054,82490,31
84000,279,80457,80736,31
84000,282,81996,82278,31
84000,282,80963,81245,31
84500,309,70853,71162,27
84500,281,70414,70695,27
84500,426,75922,76348,27
84500,283,72663,72946,27
84500,281,70913,71194,27
85000,282,72464,72746,27
85000,444,70888,71332,27
85000,282,76879,77161,27
85000,283,90384,90667,34
85000,283,88412,88695,34
85500,284,92062,92346,34
85500,297,90928,91225,34
85500,284,91322,91606,34
85500,294,88914,89208,34
85500,284,89368,89652,34
86000,286,93108,93394,34
86000,295,71716,72011,27
86000,466,76805,77271,27
86000,287,74429,74716,27
86000,506,73864,74370,27
86500,287,73066,73353,27
86500,287,75068,75355,27
86500,288,71486,71774,27
86500,287,72948,73235,27
86500,287,73570,73857,27
87000,289,73939,74228,27
87000,413,74933,75346,27
87000,289,74268,74557,27
87000,289,74211,74500,27
87000,289,73615,73904,27
87500,294,77791,78085,27
87500,451,106150,106601,33
87500,408,90034,90442,33
87500,291,91485,91776,33
87500,291,96248,96539,33
88000,331,91735,92066,33
88000,294,91523,91817,33
88000,293,88945,89238,33
88000,292,61086,61378,22
88000,293,60161,60454,22
88500,388,61627,62015,22
88500,294,61728,62022,22
88500,321,59290,59611,22
88500,321,63252,63573,22
88500,300,60516,60816,22
89000,296,60441,60737,22
89000,304,60284,60588,22
89000,303,84728,85031,29
89000,296,79782,80078,29
89000,298,80669,80967,29
89500,480,79316,79796,29
89500,315,82531,82846,29
89500,364,79697,80061,29
89500,297,80573,80870,29
89500,297,82306,82603,29
90000,299,80165,80464,29
90000,306,81989,82295,29
90000,299,81002,81301,29
90000,299,81124,81423,29
90000,302,80824,81126,29
90500,301,82809,83110,29
90500,301,80914,81215,29
90500,301,83861,84162,30
90500,515,84598,85113,30
90500,301,83281,83582,30
91000,302,89059,89361,31
91000,305,93934,94239,31
91000,305,91201,91506,31
91000,302,87374,87676,31
91000,302,100809,101111,34
91500,304,98499,98803,34
91500,307,114079,114386,34
91500,304,97212,97516,34
91500,415,102166,102581,34
91500,321,97533,97854,34
92000,314,74869,75183,26
92000,306,74192,74498,26
92000,313,73307,73620,26
92000,537,73080,73617,26
92000,321,72877,73198,26
92500,419,74189,74608,26
92500,317,77982,78299,26
92500,394,75772,76166,26
92500,316,92514,92830,32
92500,316,95173,95489,32
93000,309,92105,92414,31
93000,563,95269,95832,31
93000,309,91895,92204,31
93000,314,90424,90738,31
93000,303,94966,95269,31
93500,305,103056,103361,31
93500,489,106796,107285,31
93500,306,93489,93795,31
93500,318,91928,92246,31
93500,306,93736,94042,31
94000,314,97108,97422,31
94000,314,73352,73666,24
94000,313,69478,69791,24
94000,329,69536,69865,24
94000,306,68903,69209,24
94500,348,73655,74003,24
94500,307,68234,68541,24
94500,305,74179,74484,24
94500,314,77655,77969,24
94500,385,98398,98783,32
95000,396,94989,95385,32
95000,316,92438,92754,32
95000,316,93703,94019,32
95000,323,94624,94947,32
95000,318,99329,99647,32
95500,317,93689,94006,31
95500,337,93407,93744,31
95500,312,131193,131505,31
95500,312,92401,92713,31
95500,312,89349,89661,31
96000,493,89359,89852,30
96000,314,95827,96141,30
96000,319,80107,80426,25
96000,319,74310,74629,25
96000,382,76039,76421,25
96500,329,74318,74647,25
96500,328,77410,77738,25
96500,321,76674,76995,25
96500,321,73706,74027,25
96500,323,111016,111339,38
97000,392,123424,123816,38
97000,396,119059,119455,38
97000,317,110860,111177,38
97000,315,115076,115391,38
97000,522,115229,115751,38
97500,396,100305,100701,29
97500,577,92416,92993,29
97500,327,92876,93203,29
97500,324,94942,95266,29
97500,319,85701,86020,29
98000,318,85418,85736,29
98000,326,94210,94536,29
98000,326,88682,89008,29
98000,326,91129,91455,29
98000,612,88716,89328,29
98500,338,89301,89639,29
98500,327,88808,89135,29
98500,349,89021,89370,29
98500,327,91897,92224,30
98500,327,90708,91035,30
99000,329,91729,92058,30
99000,329,91626,91955,30
99000,461,94018,94479,30
99000,337,91598,91935,30
99000,329,91493,91822,30
99500,544,73912,74456,24
99500,401,78296,78697,24
99500,331,76390,76721,24
99500,331,79017,79348,24
99500,355,73459,73814,24
100000,340,74389,74729,24
100000,332,73021,73353,24
100000,363,81545,81908,26
100000,332,79865,80197,26
100000,332,83087,83419,26
100500,334,82036,82370,26
100500,334,83147,83481,26
100500,334,80770,81104,26
100500,334,81778,82112,26
100500,334,99932,100266,31
101000,336,98773,99109,31
101000,339,103776,104115,31
101000,336,98069,98405,31
101000,336,97831,98167,31
101000,330,100419,100749,31
101500,340,107736,108076,31
101500,332,72759,73091,23
101500,338,73695,74033,23
101500,346,73119,73465,23
101500,366,73199,73565,23
102000,348,71746,72094,23
102000,386,72566,72952,23
102000,339,73723,74062,23
102000,342,96702,97044,30
102000,351,94315,94666,30
102500,341,94935,95276,30
102500,341,96453,96794,30
102500,351,99071,99422,30
102500,386,98355,98741,30
102500,358,61943,62301,19
103000,361,61176,61537,19
103000,347,62585,62932,19
103000,350,61015,61365,19
103000,600,63022,63622,19
103000,345,62772,63117,19
103500,347,61352,61699,19
103500,344,60772,61116,19
103500,376,61646,62022,19
103500,344,75152,75496,24
103500,353,76766,77119,24
104000,352,77085,77437,24
104000,505,76472,76977,24
104000,550,87715,88265,24
104000,346,83093,83439,24
104000,369,82098,82467,24
104500,355,89607,89962,28
104500,347,93717,94064,28
104500,447,92798,93245,28
104500,361,101679,102040,28
104500,347,93177,93524,28
105000,349,96013,96362,28
105000,359,130106,130465,37
105000,349,126705,127054,37
105000,358,125746,126104,37
105000,342,130627,130969,37
105500,352,120703,121055,37
105500,349,83419,83768,25
105500,460,83693,84153,25
105500,343,82163,82506,25
105500,343,85084,85427,25
106000,343,81911,82254,25
106000,343,82636,82979,25
106000,343,87556,87899,25
106000,361,115078,115439,35
106000,359,115253,115612,35
106500,354,115845,116199,35
106500,354,117401,117755,35
106500,374,117656,118030,35
106500,469,118850,119319,35
106500,356,97003,97359,28
107000,356,101736,102092,28
107000,491,92341,92832,28
107000,548,101934,102482,28
107000,363,92846,93209,28
107000,386,96941,97327,28
107500,630,106091,106721,32
107500,357,106684,107041,32
107500,357,107926,108283,32
107500,383,109035,109418,32
107500,357,106047,106404,32
108000,367,106303,106670,32
108000,359,100765,101124,30
108000,378,103421,103799,30
108000,351,103275,103626,30
108000,437,107434,107871,30
108500,415,107233,107648,30
108500,366,106221,106587,30
108500,470,112398,112868,32
108500,361,111304,111665,32
108500,361,110094,110455,32
109000,384,109021,109405,32
109000,362,109181,109543,32
109000,363,100468,100831,29
109000,362,98603,98965,29
109000,362,106070,106432,29
109500,371,99479,99850,29
109500,364,103224,103588,29
109500,367,101311,101678,29
109500,364,99777,100141,29
109500,367,84544,84911,25
110000,366,88279,88645,25
110000,376,90465,90841,25
110000,365,84877,85242,25
110000,365,86474,86839,25
110000,365,86478,86843,25
110500,367,89950,90317,26
110500,367,93009,93376,26
110500,367,91415,91782,26
110500,367,88085,88452,26
110500,367,89175,89542,26
111000,369,91616,91985,26
111000,389,105939,106328,26
111000,388,91211,91599,26
111000,369,88238,88607,26
111000,371,91506,91877,26
111500,371,81916,82287,24
111500,380,84670,85050,24
111500,379,82174,82553,24
111500,391,107404,107795,31
111500,371,107113,107484,31
112000,372,113990,114362,32
112000,490,119096,119586,32
112000,375,111160,111535,32
112000,372,112810,113182,32
112000,372,114527,114899,33
112500,374,118503,118877,34
112500,382,118934,119316,34
112500,493,118192,118685,34
112500,374,118996,119370,34
112500,374,127909,128283,36
113000,396,132868,133264,36
113000,567,126654,127221,36
113000,383,146510,146893,36
113000,375,128258,128633,36
113000,375,109354,109729,29
113500,698,115952,116650,27
113500,382,97115,97497,27
113500,377,105838,106215,27
113500,369,108484,108853,27
113500,378,94693,95071,27
114000,371,90952,91323,26
114000,371,97264,97635,26
114000,373,91426,91799,26
114000,379,105065,105444,26
114000,411,96198,96609,26
114500,381,91141,91522,26
114500,465,126586,127051,32
114500,473,117915,118388,32
114500,470,116031,116501,32
114500,387,114702,115089,32
115000,390,112675,113065,32
115000,385,100419,100804,24
115000,382,84365,84747,24
115000,374,86379,86753,24
115000,389,85664,86053,24
115500,466,84812,85278,24
115500,473,95429,95902,24
115500,592,111357,111949,30
115500,384,108635,109019,30
115500,384,108887,109271,30
116000,386,111914,112300,30
116000,386,118245,118631,30
116000,393,121137,121530,30
116000,385,80604,80989,22
116000,393,77922,78315,22
116500,396,79426,79822,22
116500,393,81839,82232,22
116500,387,82037,82424,22
116500,387,78003,78390,22
116500,406,72824,73230,19
117000,389,73172,73561,19
117000,392,71245,71637,19
117000,389,69524,69913,19
117000,397,68722,69119,19
117000,394,69898,70292,19
117500,414,68900,69314,19
117500,409,117308,117717,32
117500,394,116061,116455,32
117500,391,118040,118431,32
117500,390,118447,118837,32
118000,471,117193,117664,32
118000,401,116959,117360,32
118000,396,104919,105315,28
118000,392,101937,102329,28
118000,395,104833,105228,28
118500,394,101660,102054,28
118500,397,104328,104725,28
118500,394,107671,108065,28
118500,401,109994,110395,30
118500,394,112421,112815,30
119000,395,113299,113694,30
119000,415,114783,115198,30
119000,396,112905,113301,30
119000,395,108849,109244,28
119000,404,105875,106279,28
119500,472,104227,104699,28
119500,511,104672,105183,28
119500,455,103214,103669,28
119500,400,106728,107128,28
119500,510,112951,113461,30
120000,399,108735,109134,29
120000,421,117982,118403,29
120000,709,110351,111060,29
120000,408,109333,109741,29
120000,399,107806,108205,29
120500,401,107733,108134,29
120500,409,112242,112651,29
120500,400,109991,110391,29
120500,400,108620,109020,29
120500,400,108912,109312,29
121000,402,87028,87430,23
121000,402,88098,88500,23
121000,446,88837,89283,23
121000,434,87132,87566,23
121000,405,86913,87318,23
121500,448,87130,87578,23
121500,404,101060,101464,26
121500,404,98793,99197,26
121500,404,97083,97487,26
121500,423,102278,102701,26
122000,406,98546,98952,26
122000,405,98944,99349,26
122000,736,89945,90681,24
122000,405,89415,89820,24
122000,506,90764,91270,24
122500,460,91081,91541,24
122500,415,108318,108733,24
122500,410,91881,92291,24
122500,407,104612,105019,28
122500,422,108803,109225,28
123000,411,107664,108075,28
123000,409,106937,107346,28
123000,441,106989,107430,28
123000,409,105919,106328,28
123000,409,114411,114820,30
123500,411,119736,120147,30
123500,413,119800,120213,30
123500,511,123285,123796,30
123500,410,125405,125815,30
123500,418,114469,114887,30
124000,412,114759,115171,30
124000,415,115393,115808,30
124000,412,116492,116904,30
124000,432,117920,118352,30
124000,412,124296,124708,31
124500,411,124327,124738,31
124500,414,117843,118257,31
124500,417,118654,119071,31
124500,414,120200,120614,31
124500,502,120077,120579,31
125000,415,98576,98991,26
125000,731,108073,108804,26
125000,453,103542,103995,26
125000,416,100737,101153,26
125000,416,114670,115086,26
125500,539,121402,121941,31
125500,433,120078,120511,31
125500,460,122477,122937,31
125500,420,123044,123464,31
125500,426,119329,119755,31
126000,419,120539,120958,31
126000,419,121293,121712,31
126000,419,119103,119522,31
126000,419,120706,121125,31
126000,419,128203,128622,31
126500,420,125347,125767,31
126500,423,111281,111704,28
126500,428,115002,115430,28
126500,420,123257,123677,28
126500,429,108396,108825,28
127000,422,108658,109080,28
127000,615,104787,105402,26
127000,422,110000,110422,26
127000,703,123957,124660,26
127000,848,111995,112843,26
127500,518,112555,113073,26
127500,426,119230,119656,29
127500,424,113835,114259,29
127500,424,114916,115340,29
127500,428,114750,115178,29
128000,428,117613,118041,29
128000,426,90325,90751,22
128000,499,87534,88033,22
128000,437,96864,97301,22
128000,941,96667,97608,22
128500,437,87554,87991,22
128500,456,88532,88988,22
128500,435,104214,104649,26
128500,427,106795,107222,26
128500,427,104477,104904,26
129000,429,110165,110594,27
129000,429,113966,114395,27
129000,435,106677,107112,27
129000,451,112207,112658,28
129000,432,114267,114699,28
129500,431,110625,111056,28
129500,433,111562,111995,28
129500,431,113282,113713,28
129500,430,111543,111973,28
129500,430,111384,111814,28
130000,462,113774,114236,28
130000,432,114824,115256,28
130000,432,112724,113156,28
130000,432,115718,116150,28
130000,468,112606,113074,28
130500,541,113615,114156,28
130500,730,123626,124356,28
130500,454,111465,111919,28
130500,439,117576,118015,28
130500,434,97141,97575,24
131000,443,96936,97379,24
131000,713,103406,104119,24
131000,435,97820,98255,24
131000,445,126664,127109,24
131000,744,133035,133779,32
131500,445,128999,129444,32
131500,427,127952,128379,32
131500,428,132471,132899,32
131500,428,136582,137010,32
131500,440,124084,124524,30
132000,467,120219,120686,30
132000,510,150744,151254,30
132000,440,120401,120841,30
132000,489,123186,123675,30
132000,439,141246,141685,32
132500,446,129260,129706,32
132500,438,132092,132530,32
132500,433,131876,132309,32
132500,548,110635,111183,26
132500,440,106686,107126,26
133000,668,112762,113430,26
133000,442,134518,134960,26
133000,444,111660,112104,26
133000,442,108737,109179,26
133000,451,119451,119902,29
133500,444,119851,120295,29
133500,444,120219,120663,29
133500,451,117761,118212,29
133500,510,120386,120896,29
133500,444,144433,144877,35
134000,455,143164,143619,35
134000,454,144609,145063,35
134000,436,148962,149398,35
134000,449,82033,82482,20
134000,493,87836,88329,20
134500,460,81946,82406,20
134500,570,89129,89699,20
134500,452,85999,86451,20
134500,440,82140,82580,20
134500,447,87833,88280,20
135000,453,146932,147385,35
135000,452,149662,150114,35
135000,458,145144,145602,35
135000,478,146902,147380,35
135000,453,107694,108147,25
135500,453,106595,107048,25
135500,450,103998,104448,25
135500,451,105184,105635,25
135500,493,109668,110161,25
135500,458,105259,105717,25
136000,452,114992,115444,27
136000,460,114081,114541,27
136000,460,112625,113085,27
136000,458,112109,112567,27
136000,452,116100,116552,27
136500,454,126938,127392,29
136500,454,123144,123598,29
136500,454,123845,124299,29
136500,462,121796,122258,29
136500,487,122640,123127,29
137000,455,101733,102188,24
137000,455,102957,103412,24
137000,465,104893,105358,24
137000,458,103293,103751,24
137000,458,103886,104344,24
137500,457,101638,102095,24
137500,466,91359,91825,21
137500,457,89132,89589,21
137500,457,89750,90207,21
137500,457,89291,89748,21
138000,461,89385,89846,21
138000,466,110333,110799,26
138000,459,110195,110654,26
138000,468,108819,109287,26
138000,459,117451,117910,26
138500,469,117344,117813,26
138500,460,117017,117477,26
138500,559,117287,117846,26
138500,470,120510,120980,26
138500,464,140828,141292,26
139000,467,113884,114351,26
139000,490,134203,134693,26
139000,632,143909,144541,32
139000,478,141259,141737,32
139000,502,140349,140851,32
139500,467,138966,139433,32
139500,464,117874,118338,26
139500,787,111795,112582,26
139500,464,146848,147312,26
139500,571,131951,132522,26
140000,461,127183,127644,26
140000,744,141101,141845,26
140000,699,112574,113273,26
140000,573,117138,117711,26
140000,460,112492,112952,26
140500,455,111154,111609,26
140500,498,130440,130938,30
140500,468,133167,133635,30
140500,479,141488,141967,30
140500,468,133742,134210,30
141000,464,93695,94159,21
141000,903,121110,122013,21
141000,473,90144,90617,21
141000,471,90612,91083,21
141000,465,90652,91117,21
141500,487,97668,98155,21
141500,488,127691,128179,29
141500,470,127316,127786,29
141500,470,126583,127053,29
141500,470,132003,132473,29
142000,472,129202,129674,29
142000,472,121902,122374,27
142000,614,118875,119489,27
142000,473,125279,125752,27
142000,472,134367,134839,27
142500,477,120654,121131,27
142500,473,135390,135863,28
142500,473,124345,124818,28
142500,474,123886,124360,28
142500,477,127490,127967,28
143000,483,92517,93000,21
143000,485,92708,93193,21
143000,475,94123,94598,21
143000,496,95559,96055,21
143000,515,94012,94527,21
143500,478,91419,91897,21
143500,484,124930,125414,28
143500,512,122334,122846,28
143500,477,124389,124866,28
143500,484,124576,125060,28
144000,482,124960,125442,28
144000,483,129865,130348,28
144000,498,126808,127306,28
144000,487,126014,126501,28
144000,479,126751,127230,28
144500,483,127081,127564,28
144500,495,146968,147463,33
144500,487,148134,148621,33
144500,487,148449,148936,33
144500,483,149300,149783,33
145000,482,99575,100057,22
145000,531,101863,102394,22
145000,485,98880,99365,22
145000,502,101115,101617,22
145000,485,99891,100376,22
145500,487,99776,100263,22
145500,487,117884,118371,26
145500,487,117652,118139,26
145500,493,117024,117517,26
145500,490,116394,116884,26
146000,499,117587,118086,26
146000,485,139852,140337,31
146000,490,140178,140668,31
146000,485,139184,139669,31
146000,488,140051,140539,31
146500,487,159741,160228,34
146500,491,178329,178820,34
146500,482,169914,170396,34
146500,599,180792,181391,34
146500,599,153739,154338,31
147000,479,150654,151133,31
147000,487,145940,146427,31
147000,496,141351,141847,31
147000,492,151758,152250,33
147000,580,153849,154429,33
147500,517,160623,161140,33
147500,560,149468,150028,33
147500,490,145577,146067,32
147500,490,146459,146949,32
147500,507,147551,148058,32
148000,495,152226,152721,32
148000,494,147764,148258,32
148000,497,119986,120483,26
148000,516,119075,119591,26
148000,495,120970,121465,26
148500,515,119285,119800,26
148500,494,137327,137821,30
148500,513,136288,136801,30
148500,748,137984,138732,30
148500,495,138853,139348,30
149000,495,139541,140036,30
149000,496,97429,97925,21
149000,495,97726,98221,21
149000,500,97262,97762,21
149000,495,95854,96349,21
149500,498,95855,96353,21
149500,500,143041,143541,30
149500,595,160506,161101,30
149500,500,140690,141190,30
149500,497,158751,159248,30
150000,505,139197,139702,30
150000,502,120538,121040,26
150000,502,120846,121348,26
150000,507,120065,120572,26
150000,499,120471,120970,26
150500,500,122046,122546,26
150500,829,125315,126144,26
150500,696,121340,122036,26
150500,618,119532,120150,26
150500,501,122055,122556,26
151000,502,108806,109308,23
151000,554,109021,109575,23
151000,727,107496,108223,23
151000,515,108375,108890,23
151000,509,108499,109008,23
151500,506,142088,142594,30
151500,512,140694,141206,30
151500,504,138680,139184,30
151500,503,140422,140925,30
151500,503,141864,142367,30
152000,505,168193,168698,33
152000,537,158577,159114,33
152000,515,154862,155377,33
152000,505,158206,158711,33
152000,505,125370,125875,27
152500,520,154768,155288,27
152500,507,123891,124398,27
152500,499,129588,130087,27
152500,507,143072,143579,30
152500,533,142067,142600,30
153000,516,142260,142776,30
153000,512,143364,143876,30
153000,509,140852,141361,30
153000,714,125483,126197,27
153000,516,127927,128443,27
153500,600,136822,137422,27
153500,538,129339,129877,27
153500,513,119966,120479,25
153500,513,120774,121287,25
153500,513,119365,119878,25
154000,533,118514,119047,25
154000,512,120771,121283,25
154000,514,152414,152928,32
154000,520,151100,151620,32
154000,531,154013,154544,32
154500,532,151044,151576,32
154500,514,116060,116574,24
154500,522,113941,114463,24
154500,519,116428,116947,24
154500,517,117315,117832,24
155000,517,116331,116848,24
155000,525,137542,138067,28
155000,519,133797,134316,28
155000,518,135115,135633,28
155000,515,135578,136093,28
155500,517,153357,153874,28
155500,553,113072,113625,23
155500,517,113141,113658,23
155500,526,112069,112595,23
155500,518,112452,112970,23
156000,519,120882,121401,24
156000,519,122925,123444,24
156000,521,117422,117943,24
156000,521,117143,117664,24
156000,520,117080,117600,24
156500,668,148781,149449,30
156500,520,154604,155124,30
156500,528,156969,157497,30
156500,539,167922,168461,30
156500,523,159000,159523,32
157000,522,157805,158327,32
157000,522,172432,172954,32
157000,523,162219,162742,32
157000,526,162284,162810,33
157000,543,170495,171038,33
157500,1079,192233,193312,33
157500,530,188736,189266,33
157500,518,148622,149140,30
157500,682,157684,158366,30
157500,643,146657,147300,30
158000,529,153684,154213,30
158000,526,123489,124015,26
158000,528,134854,135382,26
158000,558,125743,126301,26
158000,533,130611,131144,26
158500,655,139660,140315,25
158500,846,123786,124632,25
158500,557,121938,122495,25
158500,546,123015,123561,25
158500,536,121642,122178,25
159000,531,125040,125571,25
159000,534,121576,122110,25
159000,538,123194,123732,25
159000,529,121197,121726,25
159000,546,156258,156804,31
159500,572,158490,159062,31
159500,539,152160,152699,31
159500,539,151724,152263,31
159500,539,150726,151265,30
159500,559,146569,147128,30
160000,540,166783,167323,30
160000,541,147771,148312,30
160000,535,151871,152406,30
160000,628,148349,148977,30
160000,533,153940,154473,30
160500,654,193918,194572,30
160500,679,168292,168971,27
160500,659,151283,151942,27
160500,539,137008,137547,27
160500,535,134605,135140,27
161000,526,139063,139589,27
161000,665,160368,161033,28
161000,543,143498,144041,28
161000,536,147957,148493,28
161000,536,142312,142848,28
161500,537,149006,149543,26
161500,538,131245,131783,26
161500,540,132622,133162,26
161500,537,129888,130425,26
161500,537,155368,155905,31
162000,610,176291,176901,31
162000,539,153455,153994,31
162000,668,159209,159877,31
162000,538,133758,134296,27
162000,539,135430,135969,27
162500,541,140754,141295,27
162500,540,135602,136142,27
162500,548,165274,165822,33
162500,540,167648,168188,33
162500,540,166097,166637,33
163000,542,174033,174575,33
163000,542,142865,143407,28
163000,544,141371,141915,28
163000,542,142131,142673,28
163000,551,148071,148622,28
163500,547,114600,115147,22
163500,553,127129,127682,22
163500,550,112022,112572,22
163500,560,120305,120865,22
163500,598,117259,117857,22
164000,555,130384,130939,25
164000,553,127553,128106,25
164000,557,129438,129995,25
164000,547,131804,132351,25
164000,684,130273,130957,25
164500,669,150962,151631,25
164500,547,129721,130268,25
164500,545,130183,130728,25
164500,547,129404,129951,25
164500,555,131280,131835,26
165000,548,133755,134303,26
165000,551,135546,136097,26
165000,548,131047,131595,26
165000,586,177402,177988,35
165000,548,179102,179650,35
165500,558,191539,192097,35
165500,550,180825,181375,35
165500,550,147861,148411,29
165500,552,149370,149922,29
165500,550,146647,147197,29
166000,1052,149986,151038,29
166000,552,137539,138091,27
166000,560,138079,138639,27
166000,560,137074,137634,27
166000,552,135985,136537,27
166500,570,162915,163485,29
166500,553,147208,147761,29
166500,553,146954,147507,29
166500,569,147100,147669,29
166500,556,161303,161859,32
167000,558,178515,179073,32
167000,562,167583,168145,32
167000,651,162751,163402,32
167000,555,164934,165489,31
167000,558,161597,162155,31
167500,557,159095,159652,31
167500,626,158080,158706,31
167500,754,124958,125712,24
167500,568,125177,125745,24
167500,557,128876,129433,24
168000,562,132506,133068,24
168000,558,125277,125835,24
168000,566,143283,143849,27
168000,559,137856,138415,27
168000,566,139272,139838,27
168500,568,153965,154533,27
168500,561,193069,193630,36
168500,560,187162,187722,36
168500,569,189288,189857,36
168500,685,193620,194305,36
169000,564,142954,143518,27
169000,569,140234,140803,27
169000,564,141263,141827,27
169000,566,100565,101131,19
169000,591,99019,99610,19
169500,563,98290,98853,19
169500,643,98961,99604,19
169500,564,98265,98829,19
169500,563,100780,101343,19
169500,563,145539,146102,28
170000,565,148824,149389,28
170000,583,163176,163759,28
170000,568,146220,146788,28
170000,571,166287,166858,32
170000,568,168404,168972,32
170500,567,166500,167067,32
170500,567,171594,172161,32
170500,576,145728,146304,28
170500,574,146984,147558,28
170500,569,147368,147937,28
171000,569,155778,156347,28
171000,577,134352,134929,26
171000,574,137152,137726,26
171000,569,137021,137590,26
171000,568,134636,135204,26
171500,573,159475,160048,26
171500,590,142733,143323,26
171500,570,138022,138592,26
171500,579,137138,137717,26
171500,578,156191,156769,30
172000,572,189501,190073,30
172000,579,160706,161285,30
172000,572,161059,161631,30
172000,572,158893,159465,30
172000,574,163755,164329,30
172500,583,158913,159496,30
172500,581,158047,158628,30
172500,618,155816,156434,29
172500,573,153987,154560,29
172500,623,155109,155732,29
173000,888,162470,163358,29
173000,578,149389,149967,28
173000,578,155414,155992,28
173000,583,149378,149961,28
173000,594,152055,152649,28
173500,577,176125,176702,30
173500,752,183189,183941,30
173500,709,158862,159571,30
173500,580,159554,160134,30
173500,577,137428,138005,26
174000,584,139451,140035,26
174000,581,136431,137012,26
174000,578,143114,143692,26
174000,578,154055,154633,29
174000,586,157513,158099,29
174500,1019,176940,177959,29
174500,588,157168,157756,29
174500,580,176943,177523,33
174500,580,179434,180014,33
174500,583,178558,179141,33
175000,589,156615,157204,27
175000,585,144198,144783,27
175000,629,144051,144680,27
175000,837,149555,150392,27
175000,582,148590,149172,28
175500,709,163695,164404,28
175500,583,148768,149351,28
175500,586,150670,151256,28
175500,593,145626,146219,27
175500,584,158489,159073,27
176000,596,150067,150663,27
176000,593,144938,145531,27
176000,588,179740,180328,33
176000,618,179964,180582,33
176000,600,177589,178189,33
176500,744,184503,185247,33
176500,589,159833,160422,29
176500,587,164721,165308,29
176500,607,157381,157988,29
176500,594,157968,158562,29
177000,631,130408,131039,24
177000,597,130043,130640,24
177000,597,130450,131047,24
177000,597,131384,131981,24
177000,588,185378,185966,34
177500,599,201100,201699,34
177500,644,190564,191208,34
177500,598,150960,151558,27
177500,590,147592,148182,27
177500,590,152538,153128,27
178000,608,146552,147160,27
178000,604,168461,169065,31
178000,598,169193,169791,31
178000,592,171645,172237,31
178000,622,170841,171463,31
178500,967,176658,177625,31
178500,673,171615,172288,31
178500,595,172302,172897,31
178500,595,169528,170123,31
178500,596,170482,171078,31
179000,604,183692,184296,31
179000,599,172853,173452,31
179000,595,192702,193297,35
179000,595,191106,191701,35
179000,595,206646,207241,35
179500,616,192063,192679,35
179500,605,165060,165665,29
179500,597,160328,160925,29
179500,604,160092,160696,29
179500,1063,166075,167138,29
180000,598,132890,133488,24
180000,607,133251,133858,24
180000,618,134741,135359,24
180000,606,131584,132190,24
180000,603,161760,162363,29
180500,601,175626,176227,29
180500,600,161876,162476,29
180500,600,164016,164616,29
180500,602,143377,143979,25
180500,856,145954,146810,25
181000,604,143333,143937,25
181000,617,170598,171215,30
181000,603,169479,170082,30
181000,603,167599,168202,30
181000,604,170037,170641,30
181500,603,170497,171100,26
181500,603,143413,144016,26
181500,604,143393,143997,26
181500,612,145566,146178,26
181500,640,140094,140734,25
182000,605,148754,149359,25
182000,605,140196,140801,25
182000,613,139756,140369,25
182000,698,218773,219471,33
182000,608,183508,184116,33
182500,616,183795,184411,33
182500,614,146160,146774,26
182500,607,145610,146217,26
182500,607,144620,145227,26
182500,662,143657,144319,26
183000,609,176566,177175,26
183000,612,148380,148992,26
183000,1036,149346,150382,26
183000,651,148795,149446,26
183000,616,136090,136706,24
183500,619,139727,140346,24
183500,613,140783,141396,24
183500,610,139035,139645,24
183500,689,127031,127720,23
183500,610,131219,131829,23
184000,641,146346,146987,23
184000,622,129165,129787,23
184000,620,129073,129693,23
184000,650,155456,156106,27
184000,620,151516,152136,27
184500,1004,165185,166189,27
184500,614,154493,155107,27
184500,631,166157,166788,29
184500,811,163737,164548,29
184500,613,164209,164822,29
185000,703,155494,156197,27
185000,618,156850,157468,27
185000,618,155855,156473,27
185000,624,152757,153381,27
185000,1426,192079,193505,29
185500,724,164357,165081,29
185500,680,179817,180497,29
185500,625,161973,162598,29
185500,761,182533,183294,32
185500,620,207783,208403,32
186000,612,179573,180185,32
186000,608,182269,182877,32
186000,617,179328,179945,32
186000,621,183517,184138,32
186000,656,206122,206778,32
186500,619,148837,149456,26
186500,621,150482,151103,26
186500,762,151890,152652,26
186500,617,217197,217814,38
186500,622,245487,246109,38
187000,612,240340,240952,38
187000,778,142777,143555,24
187000,608,136589,137197,24
187000,613,138744,139357,24
187000,632,147919,148551,24
187500,964,208905,209869,30
187500,738,184917,185655,30
187500,626,173085,173711,30
187500,627,167507,168134,29
187500,631,173950,174581,29
188000,627,166133,166760,29
188000,632,166025,166657,29
188000,618,158725,159343,27
188000,634,156642,157276,27
188000,643,154440,155083,27
188500,627,171839,172466,27
188500,633,143163,143796,24
188500,629,139323,139952,24
188500,635,139079,139714,24
188500,1077,138732,139809,24
189000,789,153196,153985,26
189000,643,147649,148292,26
189000,628,148253,148881,26
189000,621,150497,151118,26
189000,632,144276,144908,25
189500,1075,148616,149691,25
189500,646,146224,146870,25
189500,630,144142,144772,25
189500,627,143368,143995,25
189500,630,143218,143848,25
190000,638,158495,159133,25
190000,629,147737,148366,25
190000,684,141324,142008,24
190000,655,141176,141831,24
190000,625,143200,143825,24
190500,1026,145309,146335,24
190500,634,179020,179654,30
190500,658,176433,177091,30
190500,636,176736,177372,30
190500,636,135755,136391,23
191000,637,133210,133847,23
191000,635,136909,137544,23
191000,643,138954,139597,23
191000,635,174560,175195,30
191000,642,174344,174986,30
191500,681,187170,187851,30
191500,637,177069,177706,30
191500,637,203113,203750,35
191500,637,208784,209421,35
191500,645,223291,223936,35
192000,819,177532,178351,30
192000,638,176938,177576,30
192000,638,177652,178290,30
192000,647,173071,173718,29
192000,645,192122,192767,29
192500,643,172919,173562,29
192500,642,174612,175254,29
192500,640,166604,167244,28
192500,649,163748,164397,28
192500,643,163748,164391,28
193000,650,165785,166435,28
193000,649,193623,194272,33
193000,642,194193,194835,33
193000,642,197688,198330,33
193000,644,156276,156920,25
193500,643,146932,147575,25
193500,643,147801,148444,25
193500,644,146958,147602,25
193500,646,163639,164285,27
193500,651,159137,159788,27
194000,651,161077,161728,27
194000,645,159311,159956,27
194000,673,178870,179543,30
194000,650,178190,178840,30
194000,635,192577,193212,30
194500,651,194282,194933,32
194500,641,192001,192642,32
194500,647,194114,194761,32
194500,649,160170,160819,27
194500,716,214015,214731,27
195000,661,163212,163873,27
195000,651,164369,165020,27
195000,651,168504,169155,28
195000,657,168716,169373,28
195000,665,174156,174821,28
195500,1052,166816,167868,28
195500,844,167622,168466,28
195500,670,167166,167836,28
195500,658,166628,167286,28
195500,658,164250,164908,27
196000,641,178557,179198,27
196000,654,163611,164265,27
196000,662,160030,160692,27
196000,659,145436,146095,24
196000,658,147054,147712,24
196500,733,146325,147058,24
196500,654,143711,144365,24
196500,845,179606,180451,27
196500,827,195990,196817,27
196500,694,187894,188588,27
197000,655,215957,216612,35
197000,695,212899,213594,35
197000,816,214087,214903,35
197000,655,152026,152681,25
197000,665,162799,163464,25
197500,657,150757,151414,25
197500,660,150451,151111,25
197500,665,156452,157117,26
197500,657,158729,159386,26
197500,659,163171,163830,26
198000,659,145036,145695,24
198000,658,150897,151555,24
198000,1161,150539,151700,24
198000,658,144756,145414,24
198000,666,150854,151520,25
198500,660,147859,148519,24
198500,661,148444,149105,24
198500,698,146907,147605,24
198500,668,183599,184267,30
198500,662,184408,185070,30
199000,705,199046,199751,30
199000,664,184220,184884,30
199000,664,135302,135966,22
199000,669,134544,135213,22
199000,666,134885,135551,22
199500,663,165401,166064,27
199500,666,164257,164923,27
199500,670,163997,164667,27
199500,663,166208,166871,27
199500,666,176105,176771,29
200000,665,177959,178624,29
200000,668,179927,180595,29
200000,665,183417,184082,29
200000,668,207920,208588,34
200000,665,213352,214017,34
200500,674,194181,194855,32
200500,673,183978,184651,30
200500,669,184211,184880,30
200500,707,186709,187416,30
200500,669,197581,198250,30
201000,676,184860,185536,30
201000,675,185832,186507,30
201000,1096,124807,125903,20
201000,701,122839,123540,20
201000,686,124932,125618,20
201500,676,124583,125259,20
201500,674,121457,122131,20
201500,679,129939,130618,21
201500,679,130821,131500,21
201500,677,130688,131365,21
202000,672,149142,149814,22
202000,680,166173,166853,27
202000,1083,177484,178567,27
202000,677,167805,168482,27
202000,702,185616,186318,30
202500,673,188253,188926,30
202500,681,185491,186172,30
202500,676,186460,187136,30
202500,694,186676,187370,30
202500,673,201638,202311,30
203000,695,189413,190108,30
203000,683,184656,185339,30
203000,682,188245,188927,30
203000,678,186074,186752,30
203000,682,184531,185213,28
203500,684,173847,174531,28
203500,746,174770,175516,28
203500,691,177770,178461,28
203500,684,168030,168714,27
203500,780,180787,181567,27
204000,713,170288,171001,27
204000,709,181073,181782,27
204000,681,168944,169625,27
204000,686,167446,168132,27
204000,695,190304,190999,27
204500,688,184453,185141,30
204500,688,187628,188316,30
204500,686,194229,194915,30
204500,687,168819,169506,27
204500,674,184577,185251,27
205000,689,176470,177159,27
205000,744,171404,172148,27
205000,684,152480,153164,24
205000,682,151411,152093,24
205000,682,152295,152977,24
205500,702,165656,166358,26
205500,683,181172,181855,26
205500,686,164558,165244,26
205500,690,164171,164861,26
205500,692,211084,211776,31
206000,820,195141,195961,31
206000,675,192480,193155,31
206000,684,143549,144233,22
206000,685,138670,139355,22
206000,688,143622,144310,22
206500,694,149814,150508,22
206500,691,170973,171664,27
206500,686,169373,170059,27
206500,689,169559,170248,27
206500,689,214292,214981,31
207000,715,198543,199258,31
207000,697,195678,196375,31
207000,695,197120,197815,31
207000,705,177116,177821,27
207000,697,184733,185430,27
207500,831,172660,173491,27
207500,747,172642,173389,27
207500,729,174681,175410,27
207500,686,189887,190573,27
207500,709,213486,214195,30
208000,702,191618,192320,30
208000,695,191076,191771,30
208000,720,171018,171738,27
208000,701,172202,172903,27
208000,696,186318,187014,27
208500,702,166077,166779,26
208500,745,174625,175370,27
208500,699,171898,172597,27
208500,702,173016,173718,27
208500,693,199397,200090,29
209000,1158,187055,188213,29
209000,735,216762,217497,29
209000,695,187125,187820,29
209000,711,191494,192205,30
209000,705,213065,213770,30
209500,697,193584,194281,30
209500,699,141471,142170,22
209500,703,142046,142749,22
209500,697,145219,145916,22
209500,697,141399,142096,22
210000,707,186933,187640,29
210000,731,192086,192817,29
210000,708,185615,186323,29
210000,701,206182,206883,32
210000,699,222973,223672,32
210500,916,211496,212412,32
210500,700,180476,181176,28
210500,715,180863,181578,28
210500,700,178311,179011,28
210500,707,235800,236507,36
211000,710,255778,256488,36
211000,702,232742,233444,36
211000,721,159657,160378,24
211000,710,154259,154969,24
211000,704,173837,174541,24
211500,711,153941,154652,24
211500,732,167181,167913,26
211500,706,171201,171907,26
211500,810,169595,170405,26
211500,712,246718,247430,34
212000,712,228831,229543,34
212000,705,221091,221796,34
212000,713,196462,197175,30
212000,697,196173,196870,30
212000,895,251790,252685,30
212500,730,181613,182343,27
212500,714,174512,175226,27
212500,713,178468,179181,27
212500,709,179003,179712,27
212500,714,220610,221324,34
213000,704,218297,219001,34
213000,700,226932,227632,34
213000,727,176859,177586,26
213000,711,172949,173660,26
213000,719,174455,175174,26
213500,734,163402,164136,25
213500,717,164865,165582,25
213500,719,162849,163568,25
213500,841,177164,178005,27
213500,764,193865,194629,27
214000,720,177767,178487,27
214000,714,179231,179945,27
214000,711,173839,174550,27
214000,711,180271,180982,27
214000,720,195807,196527,27
214500,713,237296,238009,36
214500,722,250317,251039,36
214500,744,239732,240476,36
214500,722,205175,205897,29
214500,714,191816,192530,29
215000,715,192195,192910,29
215000,715,164920,165635,25
215000,755,165564,166319,25
215000,740,173399,174139,25
215000,719,154762,155481,19
215500,717,128429,129146,19
215500,719,124269,124988,19
215500,1448,147267,148715,19
215500,717,173189,173906,26
215500,719,172920,173639,26
216000,723,172818,173541,26
216000,758,175454,176212,26
216000,767,218215,218982,31
216000,764,213259,214023,31
216000,950,217795,218745,31
216500,891,200775,201666,23
216500,768,180173,180941,23
216500,891,183860,184751,23
216500,712,184581,185293,28
216500,970,186644,187614,28
217000,732,196624,197356,28
217000,731,165578,166309,25
217000,726,166763,167489,25
217000,724,167098,167822,25
217000,749,197789,198538,26
217500,732,173975,174707,26
217500,723,174176,174899,26
217500,723,177242,177965,26
217500,723,179512,180235,26
217500,723,200906,201629,26
218000,900,210829,211729,26
218000,1147,159254,160401,23
218000,724,150425,151149,23
218000,727,156787,157514,23
218000,726,181083,181809,25
218500,730,164715,165445,25
218500,729,168093,168822,25
218500,725,170808,171533,25
218500,726,153656,154382,22
218500,741,165315,166056,22
219000,745,147981,148726,22
219000,731,174373,175104,26
219000,737,171954,172691,26
219000,746,176954,177700,26
219000,736,198670,199406,26
219500,731,136309,137040,20
219500,1051,148575,149626,20
219500,739,134690,135429,20
219500,732,221593,222325,33
219500,732,229617,230349,33
220000,731,231033,231764,33
220000,734,150296,151030,21
220000,740,139969,140709,21
220000,777,143965,144742,21
220000,840,150060,150900,21
220500,741,199322,200063,30
220500,743,208072,208815,30
220500,733,205173,205906,30
220500,733,169088,169821,25
220500,743,169668,170411,25
221000,742,171095,171837,25
221000,737,168039,168776,25
221000,735,170000,170735,25
221000,758,172268,173026,25
221000,744,186295,187039,25
221500,743,166405,167148,25
221500,744,167973,168717,25
221500,773,171042,171815,25
221500,739,190569,191308,28
221500,766,202037,202803,28
222000,738,198170,198908,28
222000,745,193025,193770,28
222000,746,178657,179403,26
222000,777,182545,183322,26
222000,1181,197628,198809,26
222500,744,198130,198874,28
222500,764,224442,225206,28
222500,780,192794,193574,28
222500,873,168582,169455,24
222500,743,164126,164869,24
223000,749,161373,162122,24
223000,743,202988,203731,29
223000,744,198513,199257,29
223000,745,198518,199263,29
223000,1247,216733,217980,29
223500,792,214939,215731,29
223500,772,204457,205229,29
223500,917,193032,193949,27
223500,736,182933,183669,27
223500,745,199581,200326,27
224000,754,209515,210269,30
224000,751,203375,204126,30
224000,753,206728,207481,30
224000,748,176678,177426,24
224000,755,170459,171214,24
224500,754,165349,166103,24
224500,942,229000,229942,31
224500,791,239275,240066,31
224500,746,225606,226352,31
224500,926,236694,237620,29
225000,941,233436,234377,29
225000,747,202791,203538,29
225000,756,207727,208483,28
225000,919,212303,213222,28
225000,764,190887,191651,28
225500,755,173045,173800,25
225500,753,174281,175034,25
225500,745,170229,170974,25
225500,758,186468,187226,27
225500,794,196733,197527,27
226000,843,188810,189653,27
226000,751,192197,192948,28
226000,830,199892,200722,28
226000,759,196725,197484,28
226000,804,215662,216466,31
226500,755,220499,221254,31
226500,753,213559,214312,31
226500,753,163627,164380,24
226500,779,174037,174816,24
226500,1228,169198,170426,24
227000,772,169383,170155,24
227000,757,202515,203272,29
227000,758,201718,202476,29
227000,755,202745,203500,29
227000,885,194285,195170,26
227500,775,198973,199748,26
227500,760,199929,200689,26
227500,756,242592,243348,29
227500,931,238092,239023,29
227500,928,223839,224767,29
228000,940,198834,199774,29
228000,765,205150,205915,29
228000,767,152881,153648,22
228000,773,152716,153489,22
228000,761,168291,169052,22
228500,775,157229,158004,22
228500,773,206531,207304,30
228500,862,227735,228597,30
228500,787,213464,214251,30
228500,769,218401,219170,30
229000,782,212115,212897,30
229000,746,210877,211623,30
229000,769,222698,223467,32
229000,771,237062,237833,32
229000,770,238343,239113,32
229500,791,171247,172038,24
229500,1216,172519,173735,24
229500,763,170153,170916,24
229500,770,145987,146757,21
229500,831,160487,161318,21
230000,776,148976,149752,21
230000,765,205402,206167,26
230000,773,181725,182498,26
230000,772,180785,181557,26
230000,767,193763,194530,26
230500,776,237157,237933,34
230500,769,240592,241361,34
230500,775,238143,238918,34
230500,774,183045,183819,26
230500,775,193908,194683,26
231000,776,181717,182493,26
231000,771,168150,168921,24
231000,810,171007,171817,24
231000,784,169696,170480,24
231000,772,233367,234139,29
231500,778,204894,205672,29
231500,778,204115,204893,29
231500,772,177020,177792,25
231500,772,177731,178503,25
231500,1067,175314,176381,25
232000,786,175325,176111,25
232000,781,177133,177914,25
232000,780,177859,178639,25
232000,784,165210,165994,23
232000,1268,189244,190512,23
232500,776,162515,163291,23
232500,776,167888,168664,23
232500,773,193537,194310,27
232500,774,202783,203557,27
232500,780,215190,215970,27
233000,778,212913,213691,30
233000,782,212187,212969,30
233000,783,219266,220049,30
233000,785,170128,170913,24
233000,943,191809,192752,24
233500,782,200338,201120,24
233500,1067,172303,173370,24
233500,784,175402,176186,24
233500,959,173140,174099,24
233500,776,194854,195630,26
234000,787,185842,186629,26
234000,786,183155,183941,26
234000,787,163004,163791,22
234000,786,157777,158563,22
234000,824,170428,171252,22
234500,787,188051,188838,25
234500,787,177430,178217,25
234500,780,183354,184134,25
234500,785,182975,183760,25
234500,1210,215665,216875,29
235000,789,216975,217764,29
235000,791,219610,220401,29
235000,809,207339,208148,29
235000,789,210141,210930,29
235000,787,186672,187459,23
235500,982,196745,197727,23
235500,786,172535,173321,23
235500,792,175985,176777,24
235500,785,176389,177174,24
235500,822,188040,188862,24
236000,807,172191,172998,24
236000,805,189770,190575,26
236000,792,192405,193197,26
236000,793,186854,187647,26
236000,794,175522,176316,24
236500,846,176825,177671,24
236500,795,172762,173557,24
236500,796,179527,180323,25
236500,795,183993,184788,25
236500,786,204872,205658,25
237000,784,197088,197872,27
237000,788,197664,198452,27
237000,794,196660,197454,27
237000,793,219944,220737,30
237000,1510,233712,235222,30
237500,986,282574,283560,30
237500,982,281607,282589,31
237500,785,221848,222633,31
237500,911,235410,236321,27
237500,790,197569,198359,27
238000,837,197739,198576,27
238000,828,205842,206670,28
238000,795,214996,215791,28
238000,795,228098,228893,28
238000,1433,257429,258862,32
238500,814,231705,232519,32
238500,840,248126,248966,32
238500,782,220861,221643,30
238500,809,256516,257325,30
238500,803,198424,199227,27
239000,803,196256,197059,27
239000,797,199803,200600,27
239000,803,201363,202166,27
239000,803,218344,219147,30
239000,799,217292,218091,30
239500,796,238814,239610,30
239500,839,252285,253124,30
239500,805,249368,250173,30
239500,989,200925,201914,24
239500,803,186310,187113,24
240000,789,181354,182143,24
240000,801,240267,241068,30
240000,802,272156,272958,30
240000,801,251016,251817,30
240000,1105,226076,227181,26
240500,797,197770,198567,26
240500,870,181976,182846,24
240500,807,193564,194371,24
240500,800,174232,175032,24
240500,1180,223543,224723,27
241000,1003,228806,229809,27
241000,809,196591,197400,27
241000,1254,210460,211714,29
241000,810,217262,218072,29
241000,810,215920,216730,29
241500,806,228385,229191,30
241500,803,225560,226363,30
241500,1158,229572,230730,30
241500,877,213885,214762,24
241500,1349,230548,231897,24
242000,997,257451,258448,31
242000,805,231284,232089,31
242000,953,271053,272006,31
242000,808,248524,249332,30
242000,1519,273091,274610,30
242500,801,194411,195212,24
242500,821,189181,190002,24
242500,830,185184,186014,24
242500,798,185771,186569,24
242500,804,193944,194748,25
243000,802,192089,192891,25
243000,812,195061,195873,25
243000,844,191556,192400,26
243000,803,211033,211836,26
243000,805,214469,215274,27
243500,926,201665,202591,27
243500,805,216240,217045,27
243500,837,196926,197763,25
243500,804,200962,201766,25
243500,1697,197968,199665,25
244000,825,193886,194711,25
244000,929,190848,191777,25
244000,810,191165,191975,25
244000,1001,253705,254706,31
244000,1090,252192,253282,31
244500,807,250215,251022,31
244500,815,227640,228455,29
244500,813,214422,215235,29
244500,807,227446,228253,26
244500,809,195949,196758,26
245000,819,198744,199563,26
245000,1087,230769,231856,30
245000,1007,242631,243638,30
245000,811,237726,238537,30
245000,823,205736,206559,28
245500,1010,215291,216301,28
245500,866,212474,213340,28
245500,820,172490,173310,23
245500,819,172499,173318,23
245500,818,182361,183179,23
246000,825,177561,178386,23
246000,827,174394,175221,23
246000,857,177655,178512,23
246000,1021,228982,230003,26
246000,1023,226713,227736,26
246500,815,193140,193955,26
246500,1069,187451,188520,25
246500,875,190198,191073,25
246500,885,196782,197667,25
246500,829,263158,263987,31
247000,870,236546,237416,31
247000,961,232000,232961,31
247000,1018,227038,228056,29
247000,808,230894,231702,29
247000,817,286504,287321,33
247500,825,254737,255562,33
247500,825,254985,255810,33
247500,826,198185,199011,26
247500,957,199677,200634,26
247500,826,214779,215605,26
248000,827,287045,287872,34
248000,834,261178,262012,34
248000,834,212850,213684,26
248000,834,217744,218578,26
248000,998,201522,202520,26
248500,835,198861,199696,26
248500,849,203654,204503,26
248500,834,197240,198074,26
248500,827,250858,251685,29
248500,836,217988,218824,29
249000,830,233371,234201,29
249000,831,244384,245215,28
249000,827,219543,220370,28
249000,1033,229319,230352,27
249000,1341,270036,271377,27
249500,869,225522,226391,27
249500,835,201871,202706,25
249500,824,191826,192650,25
249500,828,197393,198221,25
249500,832,283341,284173,31
250000,1026,270867,271893,31
250000,840,214945,215785,28
250000,841,214941,215782,28
250000,936,224163,225099,28
250000,839,220428,221267,26
250500,1192,213715,214907,26
250500,833,206552,207385,26
250500,840,207063,207903,26
250500,842,203679,204521,26
250500,1067,224512,225579,26
251000,839,218140,218979,26
251000,844,228586,229430,26
251000,949,217910,218859,25
251000,877,226109,226986,25
251000,857,206330,207187,25
251500,1010,244272,245282,31
251500,835,243443,244278,31
251500,878,258713,259591,31
251500,844,294759,295603,35
251500,844,271914,272758,35
252000,846,230703,231549,30
252000,880,232277,233157,30
252000,845,234833,235678,30
252000,840,228207,229047,26
252000,841,206826,207667,26
252500,883,176259,177142,22
252500,858,176232,177090,22
252500,846,178260,179106,22
252500,1043,253395,254438,26
252500,846,207738,208584,26
253000,850,206149,206999,26
253000,852,198377,199229,25
253000,846,200066,200912,25
253000,841,203428,204269,25
253000,1045,280313,281358,33
253500,844,294295,295139,33
253500,939,183431,184370,23
253500,865,183323,184188,23
253500,850,202620,203470,23
253500,1232,204214,205446,25
254000,861,204920,205781,25
254000,840,199578,200418,25
254000,974,191980,192954,24
254000,978,187145,188123,24
254000,848,208978,209826,24
254500,856,165002,165858,21
254500,1108,168170,169278,21
254500,1328,173575,174903,21
254500,1622,200192,201814,24
254500,846,192794,193640,24
255000,860,200767,201627,24
255000,837,161971,162808,19
255000,1054,170829,171883,19
255000,843,163095,163938,19
255000,902,212422,213324,25
255500,857,226430,227287,25
255500,856,200354,201210,25
255500,850,207986,208836,26
255500,897,210459,211356,26
255500,874,209571,210445,26
256000,862,239647,240509,30
256000,858,261716,262574,30
256000,853,249095,249948,31
256000,861,253046,253907,31
256000,1094,253994,255088,31
256500,857,232949,233806,29
256500,860,233784,234644,29
256500,1252,216299,217551,24
256500,966,191211,192177,24
256500,860,192862,193722,24
257000,860,235751,236611,29
257000,866,232414,233280,29
257000,863,234074,234937,29
257000,862,271936,272798,34
257000,862,288695,289557,34
257500,983,268546,269529,33
257500,864,260990,261854,33
257500,893,262997,263890,33
257500,857,239051,239908,28
257500,859,224620,225479,28
258000,874,222642,223516,28
258000,1306,169148,170454,20
258000,1067,161214,162281,20
258000,866,162537,163403,20
258000,1190,293926,295116,30
258500,975,241991,242966,30
258500,995,202238,203233,25
258500,876,212061,212937,25
258500,862,222803,223665,25
258500,862,264698,265560,33
259000,863,269279,270142,33
259000,911,222759,223670,27
259000,864,223515,224379,27
259000,864,240273,241137,27
259000,881,250182,251063,31
259500,870,257137,258007,31
259500,922,249143,250065,31
259500,922,207326,208248,25
259500,867,227749,228616,25
259500,863,242509,243372,30
260000,866,251633,252499,31
260000,901,266987,267888,31
260000,1093,202849,203942,23
260000,868,221360,222228,23
260000,933,197111,198044,23
260500,848,290807,291655,32
260500,880,275314,276194,32
260500,1020,257379,258399,31
260500,1220,259139,260359,31
260500,1188,186141,187329,22
261000,871,181839,182710,22
261000,1089,180571,181660,22
261000,871,227414,228285,27
261000,1409,252723,254132,27
261000,896,218298,219194,27
261500,878,241882,242760,29
261500,877,238329,239206,29
261500,884,237081,237965,29
261500,886,261657,262543,30
261500,873,251061,251934,30
262000,985,246048,247033,29
262000,880,238655,239535,29
262000,893,240352,241245,29
262000,923,193567,194490,19
262000,872,156368,157240,19
262500,878,156635,157513,19
262500,873,265094,265967,32
262500,1142,263484,264626,32
262500,881,264664,265545,30
262500,892,247974,248866,30
263000,883,249584,250467,30
263000,880,192391,193271,23
263000,893,193942,194835,23
263000,879,217010,217889,23
263000,870,203879,204749,25
263500,875,206371,207246,25
263500,875,239809,240684,28
263500,1262,280566,281828,28
263500,1521,341599,343120,28
263500,1020,213428,214448,24
264000,897,199764,200661,24
264000,884,223907,224791,27
264000,897,256212,257109,27
264000,878,227045,227923,27
264000,917,236073,236990,25
264500,1082,214398,215480,25
264500,1183,215670,216853,24
264500,873,205053,205926,24
264500,891,232931,233822,24
264500,890,246101,246991,29
265000,889,238297,239186,29
265000,896,240592,241488,29
265000,889,264606,265495,32
265000,890,271506,272396,32
265000,885,272234,273119,33
265500,891,270368,271259,33
265500,1081,240109,241190,29
265500,886,238474,239360,29
265500,883,258471,259354,29
265500,893,237285,238178,29
266000,941,238902,239843,29
266000,933,223771,224704,27
266000,1902,335251,337153,27
266000,1405,310128,311533,29
266000,1294,381864,383158,29
266500,939,271656,272595,32
266500,1037,292338,293375,32
266500,938,239345,240283,29
266500,974,241163,242137,29
266500,970,256483,257453,29
267000,907,297816,298723,33
267000,1484,295329,296813,33
267000,1804,263060,264864,26
267000,1786,309811,311597,26
267000,982,255400,256382,23
267500,894,286882,287776,23
267500,893,329195,330088,27
267500,898,289294,290192,27
267500,883,271124,272007,25
267500,890,216281,217171,25
268000,908,234002,234910,25
268000,902,232819,233721,27
268000,1573,249146,250719,27
268000,901,222360,223261,25
268000,896,219936,220832,25
268500,901,257269,258170,25
268500,902,262729,263631,29
268500,896,288449,289345,29
268500,996,226767,227763,27
268500,896,225769,226665,27
269000,902,235366,236268,27
269000,905,244545,245450,29
269000,962,241645,242607,29
269000,894,157673,158567,19
269000,901,167305,168206,19
269500,918,156391,157309,19
269500,900,211809,212709,24
269500,894,194812,195706,24
269500,899,202877,203776,24
269500,1308,214940,216248,22
270000,903,183027,183930,22
270000,895,187272,188167,22
270000,1101,196178,197279,23
270000,906,191486,192392,23
270000,905,209721,210626,23
270500,910,210877,211787,25
270500,903,211741,212644,25
270500,908,211722,212630,25
270500,1103,251646,252749,29
270500,930,246876,247806,29
271000,903,216726,217629,23
271000,916,198497,199413,23
271000,906,194025,194931,23
271000,955,228689,229644,27
271000,911,287215,288126,27
271500,911,209436,210347,25
271500,918,218772,219690,25
271500,966,221585,222551,25
271500,910,235747,236657,27
271500,983,234234,235217,27
272000,915,230547,231462,27
272000,912,261466,262378,29
272000,1507,254126,255633,29
272000,1061,243935,244996,29
272000,908,246010,246918,29
272500,911,246068,246979,29
272500,906,203132,204038,24
272500,911,204159,205070,24
272500,925,246829,247754,29
272500,910,244924,245834,29
273000,912,266140,267052,29
273000,912,223968,224880,26
273000,1070,219591,220661,26
273000,912,219132,220044,26
273000,944,237270,238214,26
273500,1414,226882,228296,27
273500,914,229908,230822,27
273500,917,227621,228538,27
273500,910,236626,237536,27
273500,945,237071,238016,25
274000,910,217700,218610,25
274000,1100,232055,233155,27
274000,921,242409,243330,27
274000,921,233361,234282,27
274000,1168,221383,222551,25
274500,917,217456,218373,25
274500,1110,305426,306536,36
274500,917,330607,331524,36
274500,916,308371,309287,36
274500,943,181104,182047,21
275000,923,177215,178138,21
275000,961,178708,179669,21
275000,1007,179916,180923,21
275000,917,199825,200742,21
275000,954,247343,248297,29
275500,948,252663,253611,29
275500,927,265321,266248,29
275500,1141,205844,206985,24
275500,987,203267,204254,24
275500,925,237521,238446,28
276000,926,241590,242516,28
276000,949,244151,245100,28
276000,923,165453,166376,19
276000,921,165244,166165,19
276000,921,161664,162585,19
276500,928,196281,197209,23
276500,929,219748,220677,23
276500,948,197877,198825,23
276500,937,278525,279462,32
276500,928,274135,275063,32
277000,925,233181,234106,27
277000,928,233515,234443,27
277000,919,243062,243981,27
277000,953,163296,164249,19
277000,1117,162754,163871,19
277500,927,181452,182379,19
277500,938,220901,221839,26
277500,941,255548,256489,26
277500,954,223810,224764,26
277500,930,228351,229281,25
278000,914,217059,217973,25
278000,926,204327,205253,23
278000,930,223253,224183,23
278000,928,212822,213750,23
278000,928,238893,239821,26
278500,967,229804,230771,26
278500,931,223954,224885,26
278500,928,174276,175204,20
278500,926,172470,173396,20
278500,933,202793,203726,23
279000,935,201691,202626,23
279000,922,201217,202139,23
279000,1146,286936,288082,30
279000,1146,277210,278356,30
279000,1210,295749,296959,29
279500,1057,255643,256700,29
279500,934,262605,263539,29
279500,932,226360,227292,26
279500,938,249742,250680,26
279500,940,226565,227505,26
280000,940,225530,226470,26
280000,936,229536,230472,26
280000,941,242067,243008,28
280000,939,244816,245755,28
280000,940,266964,267904,30
280500,1158,264791,265949,30
280500,940,262436,263376,30
280500,962,245884,246846,28
280500,938,263130,264068,28
280500,944,283750,284694,32
281000,939,282945,283884,32
281000,937,192136,193073,22
281000,946,189196,190142,22
281000,940,191203,192143,22
281000,942,245291,246233,28
281500,945,242316,243261,28
281500,938,248594,249532,28
281500,934,275244,276178,31
281500,945,307797,308742,31
281500,945,251996,252941,28
282000,965,272253,273218,28
282000,928,283939,284867,32
282000,935,290578,291513,32
282000,1112,291597,292709,32
282000,1161,214682,215843,24
282500,1587,225563,227150,24
282500,950,279039,279989,32
282500,1081,279179,280260,32
282500,974,216291,217265,25
282500,947,223633,224580,25
283000,964,232957,233921,25
283000,1066,217981,219047,25
283000,944,220014,220958,25
283000,950,225732,226682,25
283000,946,274576,275522,31
283500,946,275076,276022,31
283500,951,251107,252058,28
283500,943,242409,243352,28
283500,945,212439,213384,24
283500,1005,211039,212044,24
284000,973,213192,214165,24
284000,948,234650,235598,26
284000,946,233661,234607,26
284000,947,232695,233642,26
284000,971,264736,265707,30
284500,967,286256,287223,30
284500,953,221966,222919,25
284500,954,221080,222034,25
284500,954,221664,222618,25
284500,1168,258978,260146,29
285000,957,282325,283282,29
285000,950,170258,171208,19
285000,978,173444,174422,19
285000,978,165881,166859,19
285000,957,264692,265649,30
285500,952,275219,276171,30
285500,957,230899,231856,24
285500,957,215176,216133,24
285500,956,215486,216442,24
285500,958,274525,275483,31
286000,997,275426,276423,31
286000,1236,232204,233440,26
286000,960,227718,228678,26
286000,961,232235,233196,26
286000,958,240978,241936,27
286500,960,259762,260722,27
286500,1639,179597,181236,20
286500,958,179503,180461,20
286500,1046,185186,186232,20
286500,961,251817,252778,27
287000,1183,264889,266072,27
287000,963,264145,265108,27
287000,957,177884,178841,20
287000,972,176605,177577,20
287000,1044,183495,184539,20
287500,1196,215188,216384,24
287500,962,211566,212528,24
287500,960,224000,224960,25
287500,966,245622,246588,25
287500,958,221025,221983,25
288000,985,240113,241098,27
288000,1283,243697,244980,27
288000,961,180281,181242,20
288000,965,176422,177387,20
288000,961,189510,190471,20
288500,962,307817,308779,34
288500,962,303721,304683,34
288500,963,302866,303829,34
288500,968,238949,239917,27
288500,968,258080,259048,27
289000,963,239406,240369,26
289000,961,231129,232090,26
289000,971,216812,217783,24
289000,964,217278,218242,24
289000,996,214582,215578,24
289500,1006,307870,308876,33
289500,971,298708,299679,33
289500,1151,260468,261619,29
289500,1003,259384,260387,29
289500,973,263277,264250,29
290000,968,286938,287906,29
290000,973,261311,262284,29
290000,975,197882,198857,22
290000,975,201946,202921,22
290000,980,242184,243164,27
290500,1319,246244,247563,27
290500,983,242655,243638,27
290500,1003,280058,281061,31
290500,966,283800,284766,31
290500,1121,224735,225856,24
291000,1053,216498,217551,24
291000,1254,221227,222481,24
291000,1472,319730,321202,33
291000,1304,303343,304647,33
291000,975,280196,281171,30
291500,1015,273285,274300,30
291500,1062,276794,277856,30
291500,1014,270259,271273,30
291500,976,276660,277636,30
291500,1092,233184,234276,26
292000,1133,240759,241892,26
292000,985,214400,215385,23
292000,992,209348,210340,23
292000,994,236888,237882,23
292000,979,237856,238835,26
292500,982,245455,246437,26
292500,987,264220,265207,29
292500,984,265371,266355,29
292500,980,224752,225732,25
292500,1216,234516,235732,25
293000,970,236718,237688,25
293000,1269,251786,253055,26
293000,977,246357,247334,26
293000,983,253826,254809,28
293000,983,255414,256397,28
293500,1024,257837,258861,28
293500,1023,229420,230443,23
293500,984,213946,214930,23
293500,992,263769,264761,29
293500,980,266770,267750,29
294000,1168,264347,265515,29
294000,1029,247986,249015,27
294000,995,252003,252998,27
294000,988,172753,173741,19
294000,1051,180225,181276,19
294500,1454,184244,185698,19
294500,984,297070,298054,29
294500,1408,311566,312974,29
294500,971,241431,242402,25
294500,978,226679,227657,25
295000,1250,164231,165481,18
295000,978,174977,175955,18
295000,1002,175388,176390,18
295000,983,220341,221324,24
295000,995,222289,223284,24
295500,985,221688,222673,24
295500,991,250109,251100,27
295500,986,248617,249603,27
295500,1012,298552,299564,30
295500,1091,274646,275737,30
296000,1009,275648,276657,30
296000,993,245687,246680,27
296000,1001,250371,251372,27
296000,1016,237159,238175,25
296000,1486,226800,228286,25
296500,995,231269,232264,25
296500,1020,231521,232541,25
296500,993,251614,252607,25
296500,999,243167,244166,26
296500,993,239738,240731,26
297000,991,234791,235782,23
297000,1013,212374,213387,23
297000,996,224065,225061,23
297000,1225,211795,213020,22
297000,996,202762,203758,22
297500,997,253460,254457,25
297500,1337,231214,232551,25
297500,997,231392,232389,25
297500,998,214587,215585,23
297500,1056,220098,221154,23
298000,1078,186984,188062,19
298000,1075,178489,179564,19
298000,1180,175026,176206,19
298000,1048,244826,245874,25
298000,994,235742,236736,25
298500,995,234500,235495,25
298500,1002,273010,274012,29
298500,1001,268252,269253,29
298500,995,246222,247217,24
298500,1001,221948,222949,24
299000,1002,223338,224340,24
299000,1003,204117,205120,22
299000,1308,205350,206658,22
299000,1002,217816,218818,23
299000,1002,214146,215148,23
299500,1005,269873,270878,23
299500,1651,357393,359044,23
299500,1169,230146,231315,23
299500,2070,298360,300430,26
299500,2056,329368,331424,26
300000,1120,271503,272623,29
300000,1006,271152,272158,29
300000,1331,323114,324445,33
300000,1041,341217,342258,33
300000,1005,240870,241875,23
300500,1021,251658,252679,23
300500,1003,243824,244827,26
300500,1617,332866,334483,26
300500,1828,325688,327516,26
300500,1104,264645,265749,26
301000,1981,349820,351801,23
301000,1013,226120,227133,23
301000,1678,290455,292133,31
301000,997,294715,295712,31
301000,1003,256302,257305,27
301500,1023,259241,260264,27
301500,1004,290632,291636,31
301500,1000,355554,356554,31
301500,1493,229432,230925,23
301500,1020,237580,238600,23
302000,1007,270677,271684,26
302000,1004,244962,245966,26
302000,1007,254404,255411,26
302000,1007,339640,340647,26
302000,1003,249222,250225,26
302500,1002,243778,244780,26
302500,1004,244302,245306,26
302500,1044,271980,273024,27
302500,1035,263473,264508,27
302500,1013,256518,257531,27
303000,1073,295582,296655,31
303000,1015,292942,293957,31
303000,1013,271193,272206,29
303000,1019,272956,273975,29
303000,1016,213323,214339,23
303500,1056,215506,216562,23
303500,1017,218039,219056,23
303500,1817,350201,352018,23
303500,1701,311521,313222,25
303500,1251,246278,247529,25
304000,1019,201337,202356,21
304000,1176,213319,214495,21
304000,1016,325852,326868,21
304000,1013,275402,276415,27
304000,1505,416917,418422,27
304500,1241,209586,210827,22
304500,1648,278163,279811,22
304500,1131,258333,259464,21
304500,1015,202470,203485,21
304500,1420,323909,325329,30
305000,1027,353396,354423,30
305000,1183,244208,245391,26
305000,1142,247163,248305,26
305000,1211,298645,299856,29
305000,1666,313096,314762,29
305500,1061,168706,169767,18
305500,1197,194308,195505,18
305500,1200,173156,174356,18
305500,1663,320791,322454,33
305500,1221,351746,352967,33
306000,1710,310964,312674,23
306000,1027,227592,228619,23
306000,1509,264998,266507,28
306000,1029,264654,265683,28
306000,1025,290807,291832,30
306500,1028,289387,290415,30
306500,1028,343442,344470,29
306500,1613,305699,307312,29
306500,1028,246433,247461,22
306500,1665,245062,246727,22
307000,1027,211541,212568,22
307000,1024,266237,267261,22
307000,1031,208683,209714,22
307000,1029,223699,224728,21
307000,1805,305817,307622,21
307500,1027,213053,214080,22
307500,2668,305861,308529,22
307500,1776,358570,360346,24
307500,1634,371254,372888,24
307500,1032,340574,341606,28
308000,1033,344000,345033,28
308000,2044,274523,276567,22
308000,1700,321737,323437,22
308000,1053,326536,327589,25
308000,1021,381716,382737,31
308500,1724,387900,389624,31
308500,1353,265638,266991,26
308500,1075,329139,330214,26
308500,1038,313626,314664,27
308500,1671,332677,334348,27
309000,1186,276261,277447,24
309000,1336,241134,242470,24
309000,1035,314746,315781,27
309000,1261,274464,275725,27
309000,1037,309399,310436,30
309500,1494,297529,299023,30
309500,1037,208078,209115,21
309500,1039,200001,201040,21
309500,1050,245651,246701,25
309500,1055,242234,243289,25
310000,1168,244635,245803,25
310000,1038,258969,260007,27
310000,1038,262927,263965,27
310000,1049,231857,232906,24
310000,1039,230468,231507,24
310500,1077,220752,221829,21
310500,1038,201468,202506,21
310500,1036,205120,206156,21
310500,1040,275718,276758,27
310500,1045,265699,266744,27
311000,1579,307779,309358,31
311000,1101,295563,296664,31
311000,1043,241454,242497,25
311000,1042,244242,245284,25
311000,1044,243891,244935,25
311500,1207,271933,273140,28
311500,1039,276537,277576,28
311500,1043,250909,251952,26
311500,1051,256583,257634,26
311500,1830,364411,366241,35
312000,1146,343433,344579,35
312000,1040,183108,184148,19
312000,1045,184688,185733,19
312000,1800,197373,199173,19
312000,1057,262474,263531,26
312500,1051,292946,293997,26
312500,1042,257873,258915,26
312500,1047,252374,253421,26
312500,1677,273256,274933,26
312500,1048,260480,261528,26
313000,1131,261978,263109,26
313000,1045,251532,252577,25
313000,1045,244143,245188,25
313000,1049,273986,275035,28
313000,1136,272864,274000,28
313500,1045,175124,176169,18
313500,1050,179962,181012,18
313500,1758,176652,178410,18
313500,1045,257074,258119,24
313500,1196,276442,277638,24
314000,1047,225116,226163,22
314000,1047,219822,220869,22
314000,1053,211473,212526,22
314000,1239,292947,294186,28
314000,1050,272542,273592,28
314500,1049,261947,262996,27
314500,1051,264475,265526,27
314500,1055,245139,246194,25
314500,1055,244337,245392,25
314500,1048,247379,248427,25
315000,1050,282114,283164,29
315000,1066,285434,286500,29
315000,1058,246330,247388,25
315000,1112,245092,246204,25
315000,1141,311611,312752,30
315500,1059,328929,329988,30
315500,1055,265557,266612,24
315500,1636,270707,272343,24
315500,1067,257201,258268,23
315500,1044,235527,236571,23
316000,1072,243122,244194,23
316000,1056,335694,336750,34
316000,1258,358290,359548,34
316000,1054,248745,249799,25
316000,1067,249173,250240,25
316500,1376,256020,257396,26
316500,1071,257432,258503,26
316500,1071,283561,284632,29
316500,1061,291747,292808,29
316500,1062,267387,268449,27
317000,1056,276884,277940,27
317000,1062,308062,309124,27
317000,1055,319003,320058,31
317000,1048,314205,315253,31
317000,1069,376284,377353,33
317500,1057,304127,305184,28
317500,1064,275082,276146,28
317500,1301,286171,287472,28
317500,1057,299171,300228,30
317500,1061,300616,301677,30
318000,1066,295295,296361,30
318000,1060,305059,306119,30
318000,1117,321640,322757,30
318000,1115,307283,308398,30
318000,1083,284087,285170,29
318500,1069,290124,291193,29
318500,1097,261866,262963,26
318500,1222,268215,269437,26
318500,1219,323598,324817,32
318500,1067,338377,339444,32
319000,1064,229072,230136,22
319000,1405,217340,218745,22
319000,1108,227655,228763,22
319000,1760,350496,352256,32
319000,1070,320847,321917,32
319500,1114,320378,321492,30
319500,1070,310953,312023,30
319500,1077,388490,389567,31
319500,1076,263235,264311,26
319500,1069,263666,264735,26
320000,1067,262062,263129,26
320000,1066,278173,279239,28
320000,1072,283177,284249,28
320000,1073,230683,231756,23
320000,1051,243463,244514,23
320500,1206,177880,179086,18
320500,1091,177812,178903,18
320500,1075,178434,179509,18
320500,1073,342700,343773,32
320500,1315,335474,336789,32
321000,1072,297991,299063,30
321000,1114,307560,308674,30
321000,1069,230355,231424,22
321000,1357,256427,257784,22
321000,1105,271565,272670,25
321500,1072,256367,257439,25
321500,1077,255075,256152,25
321500,1077,282444,283521,28
321500,1078,302628,303706,28
321500,1070,328451,329521,32
322000,1189,326257,327446,32
322000,1093,239894,240987,24
322000,1079,252958,254037,24
322000,1089,280386,281475,24
322000,1328,272800,274128,24
322500,1077,296866,297943,28
322500,1108,281906,283014,28
322500,1080,222704,223784,22
322500,1090,228051,229141,22
322500,1729,221914,223643,22
323000,1085,333516,334601,31
323000,1225,317090,318315,31
323000,1466,294299,295765,27
323000,1186,305687,306873,27
323000,1077,267690,268767,26
323500,1078,261846,262924,26
323500,1078,203538,204616,20
323500,1917,212532,214449,20
323500,1424,324027,325451,28
323500,1110,296279,297389,28
324000,1271,247657,248928,24
324000,1084,245729,246813,24
324000,1085,243584,244669,24
324000,1082,305420,306502,30
324000,1083,305423,306506,30
324500,1273,283946,285219,28
324500,1085,287799,288884,28
324500,1104,261503,262607,26
324500,1086,264821,265907,26
324500,1088,341152,342240,34
325000,1545,356420,357965,34
325000,1090,282693,283783,28
325000,1340,301712,303052,28
325000,1084,254892,255976,25
325000,1103,258622,259725,25
325500,1253,344768,346021,31
325500,1335,355704,357039,31
325500,1086,385075,386161,34
325500,1083,348534,349617,34
325500,1080,291697,292777,28
326000,1092,312505,313597,28
326000,1098,331886,332984,32
326000,1086,371260,372346,32
326000,1086,266682,267768,24
326000,1092,244868,245960,24
326500,1122,317280,318402,30
326500,1088,313072,314160,30
326500,1088,290571,291659,28
326500,1093,285600,286693,28
326500,1088,244390,245478,24
327000,1090,245613,246703,24
327000,1091,266033,267124,26
327000,1143,266359,267502,26
327000,1092,282412,283504,26
327000,1095,279891,280986,28
327500,1271,296429,297700,28
327500,1803,404854,406657,24
327500,1856,345911,347767,24
327500,2191,389704,391895,24
327500,1221,373092,374313,36
328000,1196,447309,448505,36
328000,1093,268251,269344,26
328000,1148,253398,254546,25
328000,1093,255733,256826,25
328000,1193,267958,269151,25
328500,1250,220846,222096,21
328500,1132,214048,215180,21
328500,1241,215575,216816,21
328500,1105,217756,218861,21
328500,1100,318887,319987,25
329000,1800,390139,391939,25
329000,1093,351504,352597,25
329000,1108,259672,260780,25
329000,1150,309199,310349,28
329000,1100,350305,351405,28
329500,1104,297214,298318,25
329500,1317,308869,310186,25
329500,1154,299446,300600,28
329500,1100,294358,295458,28
329500,1104,236061,237165,22
330000,1130,251394,252524,22
330000,1418,329467,330885,26
330000,1581,293228,294809,26
330000,1124,240282,241406,23
330000,1100,241435,242535,23
330500,1112,256438,257550,23
330500,1127,240219,241346,23
330500,1108,235062,236170,23
330500,1683,257519,259202,25
330500,1148,255070,256218,25
331000,1120,289199,290319,28
331000,1141,288356,289497,28
331000,1109,298403,299512,29
331000,1108,295550,296658,29
331000,1191,249158,250349,24
331500,1111,246309,247420,24
331500,1106,252009,253115,24
331500,1110,276334,277444,27
331500,1194,281208,282402,27
331500,1105,256674,257779,25
332000,1436,278461,279897,25
332000,1211,256038,257249,25
332000,1274,258503,259777,25
332000,1111,297361,298472,29
332000,1122,298641,299763,29
332500,1108,264713,265821,25
332500,1122,276582,277704,25
332500,1117,323109,324226,31
332500,1113,317031,318144,31
332500,1109,305013,306122,28
333000,1118,292312,293430,28
333000,1116,355673,356789,32
333000,1115,325982,327097,32
333000,1114,241246,242360,23
333000,1133,259258,260391,23
333500,1125,234767,235892,23
333500,1111,224036,225147,21
333500,1116,217465,218581,21
333500,1110,264339,265449,25
333500,1378,277501,278879,25
334000,1131,333577,334708,32
334000,1127,345098,346225,32
334000,1122,297767,298889,28
334000,1424,291020,292444,28
334000,1945,305094,307039,28
334500,1504,306603,308107,28
334500,1121,305364,306485,28
334500,1120,299079,300199,28
334500,1849,405170,407019,21
334500,1121,221250,222371,21
335000,1122,278903,280025,27
335000,1116,278158,279274,27
335000,1121,229630,230751,22
335000,1122,259605,260727,22
335000,1126,245844,246970,21
335500,1369,220939,222308,21
335500,1129,218360,219489,21
335500,1325,275090,276415,25
335500,1419,260357,261776,25
335500,1900,465240,467140,28
336000,2349,449601,451950,25
336000,1503,308125,309628,25
336000,1138,399116,400254,26
336000,1229,230672,231901,21
336000,2273,263857,266130,21
336500,1134,217941,219075,21
336500,1134,291231,292365,28
336500,1126,302851,303977,28
336500,1143,354663,355806,26
336500,1133,292065,293198,27
337000,1124,333855,334979,27
337000,1155,326176,327331,29
337000,1123,378688,379811,29
337000,1407,295394,296801,28
337000,1123,295984,297107,28
337500,1131,304929,306060,29
337500,1130,303080,304210,29
337500,1458,305087,306545,28
337500,1124,298429,299553,28
337500,1292,225112,226404,21
338000,1139,231410,232549,21
338000,1140,302741,303881,28
338000,1382,338809,340191,28
338000,1273,307611,308884,28
338000,1332,324761,326093,28
338500,1128,244514,245642,23
338500,1222,248807,250029,23
338500,1144,241670,242814,23
338500,1360,302599,303959,27
338500,1134,282536,283670,27
339000,1222,242203,243425,23
339000,1134,237045,238179,23
339000,1141,261245,262386,25
339000,1135,260045,261180,25
339000,1201,239226,240427,23
339500,1244,243453,244697,23
339500,1149,239400,240549,23
339500,1136,296793,297929,28
339500,1335,294591,295926,28
339500,1141,384084,385225,36
340000,1139,388200,389339,37
340000,1139,265534,266673,25
340000,1161,268208,269369,25
340000,1138,300029,301167,28
340000,1207,300312,301519,28
340500,1467,296569,298036,28
340500,1141,298337,299478,28
340500,1154,266661,267815,25
340500,1142,276511,277653,25
340500,1222,331797,333019,31
341000,1149,330587,331736,31
341000,1148,210439,211587,20
341000,1141,208353,209494,20
341000,1161,252822,253983,24
341000,1881,397555,399436,24
341500,1156,260890,262046,22
341500,1423,295225,296648,22
341500,1448,266043,267491,24
341500,1272,289976,291248,24
341500,1152,287863,289015,26
342000,1166,298677,299843,26
342000,1139,213824,214963,20
342000,1191,213767,214958,20
342000,1161,338580,339741,32
342000,1146,333733,334879,32
342500,1147,310305,311452,28
342500,1156,506650,507806,28
342500,1144,350080,351224,31
342500,1292,461146,462438,31
342500,1154,344013,345167,31
343000,1177,224128,225305,21
343000,1277,223616,224893,21
343000,1149,282567,283716,21
343000,2003,347512,349515,24
343000,1393,261619,263012,22
343500,1354,249173,250527,22
343500,1143,233682,234825,22
343500,1187,350219,351406,31
343500,1420,334963,336383,31
343500,1145,378144,379289,28
344000,1912,431610,433522,27
344000,1650,443171,444821,27
344000,1892,270497,272389,22
344000,1146,312546,313692,22
344000,1162,367931,369093,34
344500,1209,278677,279886,24
344500,1152,256119,257271,24
344500,1154,260769,261923,24
344500,1153,301895,303048,27
344500,1159,294079,295238,27
345000,1159,202715,203874,19
345000,1156,202515,203671,19
345000,1151,265840,266991,25
345000,1341,279798,281139,25
345000,1155,244853,246008,23
345500,1171,243550,244721,23
345500,1149,344890,346039,32
345500,1150,421709,422859,32
345500,1168,327781,328949,31
345500,1153,334589,335742,31
346000,1412,351151,352563,28
346000,2361,352448,354809,28
346000,1153,385716,386869,34
346000,1197,364684,365881,34
346000,1873,288405,290278,26
346500,1250,242029,243279,22
346500,1256,239583,240839,22
346500,1161,238907,240068,22
346500,1169,255184,256353,24
346500,1152,258254,259406,24
347000,1144,342092,343236,30
347000,1236,332548,333784,30
347000,1175,237298,238473,22
347000,1170,234044,235214,22
347000,1237,277599,278836,26
347500,1163,276983,278146,26
347500,1164,347223,348387,30
347500,1157,362959,364116,30
347500,1648,362544,364192,30
347500,1162,321705,322867,30
348000,1208,337976,339184,31
348000,1152,362497,363649,31
348000,1162,270536,271698,25
348000,1159,267926,269085,25
348000,1195,272182,273377,25
348500,1168,268954,270122,25
348500,1161,283347,284508,26
348500,1195,294361,295556,26
348500,1162,316345,317507,29
348500,1166,314381,315547,29
349000,1188,247663,248851,23
349000,1189,247853,249042,23
349000,1344,301647,302991,28
349000,1171,301637,302808,28
349000,1183,395774,396957,36
349500,1164,387364,388528,36
349500,1313,317303,318616,29
349500,1187,322809,323996,29
349500,1168,323469,324637,30
349500,1170,394128,395298,30
350000,1182,257976,259158,24
350000,2000,425803,427803,24
350000,1173,295985,297158,27
350000,1174,386791,387965,30
350000,1379,331379,332758,30
350500,1406,236530,237936,21
350500,1163,239286,240449,21
350500,1181,363907,365088,29
350500,1170,344518,345688,29
350500,1388,373245,374633,28
351000,1175,324340,325515,28
351000,1167,306677,307844,28
351000,1168,339154,340322,28
351000,1170,294429,295599,25
351000,1168,275972,277140,25
351500,1192,307805,308997,26
351500,1504,285342,286846,26
351500,1169,329589,330758,29
351500,1171,325610,326781,29
351500,1178,316128,317306,26
352000,1192,296519,297711,27
352000,1166,365837,367003,30
352000,1179,299438,300617,25
352000,1170,277977,279147,25
352000,1455,328263,329718,29
352500,1189,317164,318353,29
352500,1179,247719,248898,22
352500,1188,243179,244367,22
352500,1178,312981,314159,27
352500,1175,297193,298368,27
353000,2091,329160,331251,30
353000,1181,326278,327459,30
353000,1181,343430,344611,31
353000,1180,342178,343358,31
353000,1180,259007,260187,23
353500,1184,252313,253497,23
353500,1223,336200,337423,31
353500,1251,372889,374140,31
353500,1176,310662,311838,26
353500,1226,316361,317587,26
354000,1245,256564,257809,23
354000,1215,250978,252193,23
354000,1394,288374,289768,26
354000,1184,310706,311890,26
354000,1184,333783,334967,30
354500,1219,342554,343773,30
354500,1187,330182,331369,30
354500,1187,331537,332724,30
354500,1189,297453,298642,27
354500,1259,300407,301666,27
355000,1186,328844,330030,30
355000,1197,333676,334873,30
355000,1188,303227,304415,26
355000,1183,286235,287418,26
355000,1202,232682,233884,21
355500,1198,232129,233327,21
355500,1255,241293,242548,22
355500,1503,244021,245524,22
355500,1237,263365,264602,24
355500,1431,265810,267241,24
356000,1197,290608,291805,24
356000,1266,228301,229567,20
356000,1187,224712,225899,20
356000,1221,231237,232458,21
356000,1569,258633,260202,21
356500,1195,302695,303890,27
356500,1206,301506,302712,27
356500,1186,362868,364054,29
356500,1209,348826,350035,29
356500,1188,328980,330168,28
357000,1189,335637,336826,28
357000,1195,348643,349838,31
357000,1581,237097,238678,20
357000,1211,229528,230739,20
357000,1195,221514,222709,20
357500,1191,276847,278038,25
357500,1195,280151,281346,25
357500,1194,289964,291158,25
357500,1205,277441,278646,25
357500,1196,292169,293365,26
358000,1198,290232,291430,26
358000,1198,326636,327834,29
358000,1198,349489,350687,29
358000,1199,301748,302947,27
358000,1196,301814,303010,27
358500,1188,346249,347437,30
358500,1193,351806,352999,30
358500,1200,256684,257884,23
358500,1303,270095,271398,23
358500,1192,248834,250026,22
359000,1196,254107,255303,22
359000,1200,346475,347675,31
359000,1262,350773,352035,31
359000,1195,365442,366637,32
359000,1245,359426,360671,32
359500,1213,323757,324970,29
359500,1215,326511,327726,29
359500,1198,286647,287845,25
359500,1205,278833,280038,25
359500,1227,277227,278454,25
360000,1223,317053,318276,25
360000,1205,224309,225514,20
360000,1204,262773,263977,20
360000,1200,269971,271171,23
360000,1371,253028,254399,23
360500,1232,280584,281816,25
360500,1395,297686,299081,25
360500,1202,283445,284647,24
360500,1199,272459,273658,24
360500,1234,410955,412189,33
361000,1454,367705,369159,33
361000,1240,422933,424173,27
361000,2138,256485,258623,22
361000,1939,285835,287774,22
361000,1508,318486,319994,20
361500,1963,321646,323609,25
361500,1202,380819,382021,25
361500,1678,244456,246134,22
361500,1244,264476,265720,22
361500,1320,383475,384795,27
362000,2143,412639,414782,27
362000,1212,421465,422677,31
362000,1368,258330,259698,22
362000,1941,304740,306681,22
362000,2012,312106,314118,25
362500,1322,288480,289802,25
362500,1226,367578,368804,26
362500,1221,307514,308735,26
362500,1960,298905,300865,26
362500,1206,302611,303817,26
363000,1209,283671,284880,25
363000,1585,304037,305622,25
363000,1214,334891,336105,30
363000,1481,335877,337358,30
363000,1211,258671,259882,23
363500,1224,258227,259451,23
363500,1215,190487,191702,17
363500,1249,211049,212298,17
363500,1230,268104,269334,23
363500,1407,258843,260250,23
364000,1226,315513,316739,28
364000,1220,339331,340551,28
364000,1368,281348,282716,25
364000,1215,310550,311765,25
364000,1214,322096,323310,28
364500,1244,344019,345263,28
364500,1317,301918,303235,26
364500,1214,305477,306691,26
364500,1221,260718,261939,23
364500,1214,263956,265170,23
365000,1434,297907,299341,26
365000,1222,310448,311670,26
365000,1222,364516,365738,32
365000,1367,366732,368099,32
365000,1221,307977,309198,27
365500,1218,255803,257021,22
365500,1228,249168,250396,22
365500,1229,259370,260599,22
365500,1230,307121,308351,27
365500,1314,313212,314526,27
366000,1236,317945,319181,27
366000,1388,337551,338939,27
366000,1564,447442,449006,32
366000,1218,300604,301822,25
366000,1426,292053,293479,25
366500,1226,322870,324096,28
366500,1870,332652,334522,28
366500,1447,355903,357350,29
366500,1259,333210,334469,29
366500,1244,331588,332832,29
367000,1710,335404,337114,29
367000,1229,287458,288687,25
367000,1387,282694,284081,25
367000,1229,250806,252035,22
367000,1274,249159,250433,22
367500,1242,228188,229430,20
367500,1416,244070,245486,20
367500,1230,435977,437207,36
367500,2102,432025,434127,36
367500,1223,284927,286150,24
368000,1226,303739,304965,26
368000,1233,346448,347681,26
368000,1223,285283,286506,25
368000,1264,342339,343603,25
368000,1374,326408,327782,25
368500,1232,286867,288099,25
368500,1245,262963,264208,22
368500,1234,253204,254438,22
368500,1263,251121,252384,22
368500,1239,249565,250804,22
369000,1259,325909,327168,28
369000,1229,320823,322052,28
369000,1476,270468,271944,22
369000,1237,255208,256445,22
369000,1325,252182,253507,22
369500,1767,265039,266806,22
369500,1262,313202,314464,26
369500,1233,343617,344850,26
369500,1236,303890,305126,26
369500,1374,316816,318190,26
370000,1236,297407,298643,26
370000,1238,297520,298758,26
370000,1237,320159,321396,27
370000,1225,308525,309750,27
370000,1353,283684,285037,25
370500,1247,287873,289120,25
370500,1235,357209,358444,31
370500,1248,370415,371663,31
370500,1238,328033,329271,29
370500,1254,333582,334836,29
371000,1255,352161,353416,31
371000,1288,355225,356513,31
371000,1236,335016,336252,27
371000,1241,307471,308712,27
371000,1253,308797,310050,27
371500,1259,341073,342332,30
371500,1262,343241,344503,30
371500,1253,271990,273243,22
371500,1256,251907,253163,22
371500,1238,242898,244136,21
372000,1245,242246,243491,21
372000,1236,414732,415968,31
372000,1257,397009,398266,31
372000,1245,271286,272531,24
372000,1239,288945,290184,24
372500,1265,323361,324626,28
372500,1247,321588,322835,28
372500,1269,240868,242137,20
372500,1250,233043,234293,20
372500,1247,290076,291323,25
373000,1245,288821,290066,25
373000,1253,283858,285111,25
373000,1246,299111,300357,25
373000,1268,284663,285931,25
373000,1248,289964,291212,25
373500,1251,307709,308960,27
373500,1251,306988,308239,27
373500,1249,324225,325474,27
373500,1245,336138,337383,27
373500,1249,376785,378034,33
374000,1246,387834,389080,33
374000,1251,285944,287195,25
374000,1278,303141,304419,25
374000,1246,316490,317736,27
374000,1252,316066,317318,27
374500,1252,263354,264606,23
374500,1253,267224,268477,23
374500,1248,372914,374162,31
374500,1252,354703,355955,31
374500,1330,286861,288191,25
375000,1281,242456,243737,21
375000,1255,244307,245562,21
375000,1288,243156,244444,21
375000,1255,333955,335210,29
375000,1273,335508,336781,29
375500,1296,280725,282021,24
375500,1352,280743,282095,24
375500,1254,223044,224298,19
375500,1302,240218,241520,19
375500,1254,254222,255476,22
376000,2029,265022,267051,22
376000,1257,310394,311651,27
376000,1253,329515,330768,27
376000,1341,340116,341457,29
376000,1252,347686,348938,29
376500,1260,322093,323353,28
376500,1260,323010,324270,28
376500,1286,319060,320346,26
376500,1266,391831,393097,34
376500,1254,398352,399606,34
377000,1261,256087,257348,22
377000,1262,253817,255079,22
377000,1262,287379,288641,25
377000,1388,293182,294570,25
377000,1261,173086,174347,15
377500,1406,176722,178128,15
377500,1282,174046,175328,15
377500,1262,343485,344747,29
377500,1266,343244,344510,29
377500,1321,379504,380825,32
378000,1270,373367,374637,32
378000,1412,318196,319608,27
378000,1294,322772,324066,27
378000,1976,327735,329711,27
378000,1264,289632,290896,25
378500,1268,292477,293745,25
378500,1263,247778,249041,21
378500,1262,245319,246581,21
378500,2094,308749,310843,26
378500,1323,311544,312867,26
379000,1266,294269,295535,25
379000,1362,291334,292696,25
379000,1268,317077,318345,26
379000,1269,301106,302375,26
379000,1321,417616,418937,36
379500,1270,422036,423306,36
379500,1270,304318,305588,26
379500,1269,301141,302410,26
379500,1287,318576,319863,27
379500,1297,315042,316339,27
380000,1271,280749,282020,24
380000,1278,291205,292483,23
380000,1519,289781,291300,23
380000,1272,314229,315501,27
380000,1271,312948,314219,27
380500,1268,350216,351484,29
380500,1284,340334,341618,29
380500,1296,366731,368027,30
380500,1270,347181,348451,30
380500,1281,301166,302447,26
381000,1276,301693,302969,26
381000,1271,315511,316782,27
381000,1281,343455,344736,27
381000,1276,280106,281382,24
381000,1269,287293,288562,24
381500,1277,282297,283574,24
381500,1331,286870,288201,24
381500,1277,321496,322773,26
381500,1326,305956,307282,26
381500,1277,280772,282049,24
382000,1278,286435,287713,24
382000,1278,294845,296123,25
382000,1284,297516,298800,25
382000,1287,280227,281514,24
382000,1278,309435,310713,24
382500,1274,317746,319020,26
382500,1274,302035,303309,26
382500,1274,338817,340091,29
382500,1327,342831,344158,29
382500,1311,207144,208455,18
383000,1299,234362,235661,18
383000,1282,381910,383192,32
383000,1276,379860,381136,32
383000,1276,317800,319076,27
383000,1334,314496,315830,27
383500,1826,321887,323713,27
383500,1288,309130,310418,25
383500,1398,314930,316328,25
383500,1340,247089,248429,21
383500,1283,247503,248786,21
384000,1283,306132,307415,26
384000,1282,308946,310228,26
384000,1280,255498,256778,21
384000,1575,268467,270042,21
384000,1277,372890,374167,32
384500,1322,378412,379734,32
384500,1285,319398,320683,27
384500,1292,316403,317695,27
384500,1284,286208,287492,24
384500,1320,282740,284060,24
385000,1453,317280,318733,27
385000,1319,318025,319344,27
385000,1303,390817,392120,33
385000,1282,295611,296893,25
385000,1289,295352,296641,25
385500,1344,376953,378297,30
385500,1285,359855,361140,30
385500,1284,293782,295066,25
385500,1399,300006,301405,25
385500,1385,236270,237655,20
386000,1298,236123,237421,20
386000,1298,280797,282095,23
386000,1290,272152,273442,23
386000,1292,320728,322020,27
386000,1291,321062,322353,27
386500,1288,275877,277165,23
386500,1292,276653,277945,23
386500,1483,310079,311562,25
386500,1287,297621,298908,25
386500,1347,401794,403141,34
387000,1294,406632,407926,34
387000,1295,320351,321646,27
387000,1295,349954,351249,27
387000,1296,296619,297915,25
387000,1576,256080,257656,21
387500,1316,251934,253250,21
387500,1624,251419,253043,21
387500,2082,401510,403592,33
387500,1302,308032,309334,26
387500,1362,335938,337300,26
388000,1491,296543,298034,25
388000,1297,303713,305010,25
388000,1303,215795,217098,18
388000,1306,214320,215626,18
388000,1298,215767,217065,18
388500,1359,272223,273582,23
388500,1677,282720,284397,23
388500,1307,358107,359414,29
388500,1336,346847,348183,29
388500,1355,285727,287082,24
389000,1311,379005,380316,31
389000,1302,368328,369630,31
389000,1296,256918,258214,20
389000,1296,238355,239651,20
389000,1330,252082,253412,21
389500,1309,250222,251531,21
389500,1318,335816,337134,28
389500,1298,353368,354666,28
389500,1310,387940,389250,32
389500,1337,382287,383624,32
390000,1305,312510,313815,26
390000,1852,326766,328618,26
390000,1660,368819,370479,27
390000,1300,351519,352819,29
390000,1301,345391,346692,29
390500,1333,398866,400199,33
390500,1311,396128,397439,33
390500,2064,354203,356267,28
390500,1306,286671,287977,24
390500,1299,289973,291272,24
391000,1487,359424,360911,30
391000,1321,361206,362527,30
391000,1303,299948,301251,25
391000,1440,305637,307077,25
391000,1305,266330,267635,22
391500,1487,264988,266475,22
391500,1320,356282,357602,29
391500,1309,379265,380574,29
391500,1370,347574,348944,29
391500,1314,349606,350920,29
392000,1311,417729,419040,35
392000,1306,335577,336883,28
392000,1316,338758,340074,28
392000,1319,339878,341197,28
392000,1306,343057,344363,28
392500,1664,287107,288771,24
392500,1312,292600,293912,24
392500,1744,335864,337608,27
392500,2188,326475,328663,27
392500,1314,311623,312937,26
393000,1322,302085,303407,25
393000,1309,303964,305273,25
393000,1310,373881,375191,29
393000,1310,351156,352466,29
393000,1335,299861,301196,25
393500,1316,302930,304246,25
393500,1311,290829,292140,24
393500,1316,295379,296695,24
393500,1312,326185,327497,27
393500,1458,358917,360375,27
394000,1312,333127,334439,27
394000,1313,330979,332292,27
394000,1329,326558,327887,26
394000,1356,353787,355143,29
394000,1319,355239,356558,29
394500,2101,290528,292629,24
394500,1314,291230,292544,24
394500,1369,337932,339301,28
394500,1314,349347,350661,28
394500,1321,416975,418296,33
395000,1631,402451,404082,33
395000,1353,243614,244967,20
395000,1485,280575,282060,23
395000,1316,278369,279685,23
395000,1330,325726,327056,27
395500,1325,334417,335742,27
395500,1711,349491,351202,27
395500,1320,352166,353486,27
395500,1343,294294,295637,24
395500,1356,299658,301014,24
396000,1517,364525,366042,30
396000,1338,374958,376296,30
396000,1340,293879,295219,24
396000,1324,295414,296738,24
396000,1324,353763,355087,29
396500,1333,249341,250674,20
396500,1326,244683,246009,20
396500,1321,244458,245779,20
396500,1328,294410,295738,24
396500,1395,296329,297724,24
397000,1356,280536,281892,22
397000,1342,346599,347941,27
397000,1388,343018,344406,27
397000,1329,295629,296958,24
397000,1589,293870,295459,24
397500,1325,357415,358740,29
397500,1335,358029,359364,29
397500,1329,319457,320786,26
397500,1341,320983,322324,26
397500,1356,391280,392636,32
398000,1326,321268,322594,26
398000,1729,321633,323362,26
398000,1346,271253,272599,22
398000,1332,266634,267966,22
398000,1331,318833,320164,26
398500,1329,321544,322873,26
398500,1329,331725,333054,27
398500,1336,358388,359724,27
398500,1327,334976,336303,27
398500,1357,331678,333035,27
399000,1341,346251,347592,28
399000,1359,348719,350078,28
399000,2140,356488,358628,29
399000,1329,297956,299285,24
399000,1350,293182,294532,24
399500,1335,276146,277481,22
399500,1338,268747,270085,22
399500,1338,325519,326857,25
399500,1365,306135,307500,25
399500,1331,245866,247197,20
400000,1339,243130,244469,20
400000,1337,231649,232986,19
400000,1324,233571,234895,19
400000,1339,294535,295874,24
400000,1402,308834,310236,24
400500,1339,294099,295438,24
400500,1339,293348,294687,24
400500,1348,320999,322347,26
400500,1378,332195,333573,26
400500,1337,361443,362780,29
401000,1346,356527,357873,29
401000,1345,313694,315039,24
401000,1348,320884,322232,24
401000,1342,331871,333213,27
401000,1427,415255,416682,33
401500,1387,411164,412551,33
401500,1571,334573,336144,25
401500,1715,368395,370110,25
401500,1328,310527,311855,25
401500,1370,335089,336459,25
402000,1366,313302,314668,25
402000,1398,235052,236450,19
402000,1344,233341,234685,19
402000,1341,236102,237443,19
402000,1346,317507,318853,26
402500,1347,342698,344045,26
402500,1366,360717,362083,29
402500,1347,300198,301545,24
402500,1346,298717,300063,24
402500,1358,347641,348999,28
403000,1344,357111,358455,28
403000,1347,317282,318629,25
403000,1354,331052,332406,25
403000,1350,309855,311205,25
403000,1347,311008,312355,25
403500,1392,365512,366904,29
403500,1346,408555,409901,33
403500,1350,410325,411675,33
403500,1345,376742,378087,30
403500,1346,374978,376324,30
404000,1348,337407,338755,27
404000,1401,350457,351858,28
404000,1353,382582,383935,28
404000,1365,268056,269421,21
404000,1648,324278,325926,21
404500,1379,324478,325857,26
404500,1677,327082,328759,26
404500,1352,263274,264626,21
404500,1355,263751,265106,21
404500,1424,319835,321259,25
405000,1358,318142,319500,25
405000,1354,301844,303198,24
405000,1372,298227,299599,24
405000,1378,349801,351179,28
405000,1373,293540,294913,23
405500,1353,289237,290590,23
405500,1359,323830,325189,26
405500,1356,322533,323889,26
405500,1390,339100,340490,27
405500,1366,336220,337586,27
406000,1373,313068,314441,25
406000,1359,315651,317010,25
406000,1421,308718,310139,23
406000,1355,286094,287449,23
406000,1508,393138,394646,31
406500,1364,269669,271033,19
406500,1532,237315,238847,19
406500,1382,313495,314877,25
406500,1360,310299,311659,25
406500,1354,354257,355611,26
407000,1374,324401,325775,26
407000,1362,452256,453618,36
407000,1361,450451,451812,36
407000,1360,296676,298036,23
407000,1683,319310,320993,23
407500,1364,298771,300135,23
407500,1365,360096,361461,29
407500,1421,393146,394567,29
407500,1363,352979,354342,28
407500,1361,386432,387793,31
408000,1370,393995,395365,31
408000,1364,310597,311961,25
408000,1372,313249,314621,25
408000,1364,324875,326239,24
408000,1363,309245,310608,24
408500,1422,303285,304707,24
408500,1438,301763,303201,24
408500,1373,387847,389220,29
408500,1365,359329,360694,28
408500,1386,354429,355815,28
409000,1467,266037,267504,21
409000,1362,263192,264554,21
409000,1374,253692,255066,20
409000,1385,251552,252937,20
409000,1426,351274,352700,27
409500,1370,344490,345860,27
409500,1365,298351,299716,23
409500,1388,290685,292073,23
409500,1370,327420,328790,26
409500,1376,327451,328827,26
410000,1374,319857,321231,25
410000,1414,317123,318537,25
410000,1365,409941,411306,31
410000,1772,394425,396197,31
410000,1366,396583,397949,31
410500,1657,307938,309595,24
410500,1364,309846,311210,24
410500,1371,330170,331541,26
410500,1400,265404,266804,21
410500,1407,276607,278014,21
411000,1374,365945,367319,29
411000,1386,371802,373188,29
411000,1447,282070,283517,22
411000,1371,280279,281650,22
411000,1378,189888,191266,15
411500,1375,189220,190595,15
411500,1508,304666,306174,24
411500,1560,328798,330358,24
411500,1401,349659,351060,27
411500,1375,343669,345044,27
412000,1373,410076,411449,32
412000,1378,412840,414218,32
412000,1434,271513,272947,21
412000,1378,419973,421351,33
412000,1392,420467,421859,33
412500,1381,401010,402391,30
412500,1385,292321,293706,23
412500,1439,322344,323783,23
412500,1381,266070,267451,21
412500,1383,268975,270358,21
413000,1378,365247,366625,27
413000,1386,342214,343600,27
413000,1697,426383,428080,32
413000,1388,408348,409736,32
413000,1401,326067,327468,24
413500,1399,360613,362012,28
413500,1374,366056,367430,28
413500,1367,363996,365363,27
413500,1376,340016,341392,27
413500,1389,265869,267258,21
414000,1508,271588,273096,21
414000,1378,272979,274357,21
414000,1712,282896,284608,21
414000,1385,254550,255935,20
414000,1392,279491,280883,20
414500,1386,329955,331341,26
414500,1389,283739,285128,22
414500,1381,279184,280565,22
414500,1415,344150,345565,27
414500,1448,363010,364458,27
415000,1412,346804,348216,27
415000,1382,342183,343565,27
415000,1606,382544,384150,30
415000,1439,385751,387190,30
415000,1386,373423,374809,28
415500,1394,336324,337718,26
415500,1615,334365,335980,26
415500,1407,322469,323876,25
415500,1414,320979,322393,25
415500,1391,318867,320258,25
416000,1397,335116,336513,25
416000,1416,287146,288562,22
416000,1387,376398,377785,28
416000,1397,358571,359968,28
416000,1388,331221,332609,26
416500,1392,333316,334708,26
416500,1387,337433,338820,26
416500,1393,337819,339212,26
416500,1390,269245,270635,21
416500,1424,273096,274520,21
417000,1395,272104,273499,21
417000,1394,270199,271593,21
417000,1389,259708,261097,19
417000,1399,241421,242820,19
417000,1400,332752,334152,26
417500,1414,375526,376940,29
417500,1415,379818,381233,29
417500,1395,376117,377512,25
417500,1412,325639,327051,25
417500,1409,332765,334174,26
418000,1398,338179,339577,26
418000,1403,314573,315976,24
418000,1397,314976,316373,23
418000,1415,297203,298618,23
418000,1410,328464,329874,25
418500,1426,327549,328975,25
418500,1398,342487,343885,26
418500,1390,342604,343994,26
418500,1407,327485,328892,25
418500,1415,336863,338278,26
419000,1483,337300,338783,26
419000,1431,269107,270538,21
419000,1466,285420,286886,21
419000,1401,326078,327479,25
419000,1464,323272,324736,25
419500,1749,382031,383780,27
419500,1400,349201,350601,27
419500,1416,396675,398091,30
419500,1440,302556,303996,23
419500,1405,302144,303549,23
420000,1405,281294,282699,22
420000,1405,285106,286511,22
420000,1410,380622,382032,28
420000,1410,367705,369115,28
420000,1413,310401,311814,24
420500,1403,313415,314818,24
420500,1408,361203,362611,28
420500,1415,308184,309599,24
420500,1414,308060,309474,24
420500,1385,348005,349390,27
421000,1404,351050,352454,27
421000,1418,287691,289109,22
421000,1447,306085,307532,22
421000,1422,383350,384772,29
421000,1416,354466,355882,27
421500,1424,388513,389937,27
421500,1419,432307,433726,33
421500,1404,443195,444599,33
421500,2077,377573,379650,29
421500,1404,362569,363973,28
422000,1411,366734,368145,28
422000,1409,315131,316540,24
422000,1407,327561,328968,24
422000,1516,312465,313981,24
422000,1406,433723,435129,33
422500,1598,438658,440256,33
422500,1435,363456,364891,28
422500,1423,385627,387050,28
422500,1412,322073,323485,24
422500,1412,324379,325791,24
423000,1417,312807,314224,24
423000,1412,325966,327378,25
423000,1468,346559,348027,25
423000,1494,287737,289231,22
423000,1414,285424,286838,22
423500,1436,312558,313994,24
423500,1452,317959,319411,24
423500,1416,337853,339269,26
423500,1411,311748,313159,24
423500,1427,313483,314910,24
424000,1413,313161,314574,21
424000,1740,274251,275991,21
424000,1836,357271,359107,26
424000,1695,343625,345320,26
424000,1412,276256,277668,21
424500,1530,304433,305963,21
424500,1416,339903,341319,25
424500,1402,361056,362458,25
424500,1412,340181,341593,25
424500,1427,436780,438207,33
425000,1461,434441,435902,33
425000,1426,338248,339674,26
425000,1428,283268,284696,20
425000,1417,259892,261309,20
425000,1452,316238,317690,24
425500,1429,316669,318098,24
425500,1425,380845,382270,29
425500,1418,386327,387745,29
425500,1430,321211,322641,24
425500,1419,380270,381689,29
426000,1431,384703,386134,29
426000,1598,350643,352241,25
426000,1434,348775,350209,25
426000,1428,344826,346254,25
426000,1419,421966,423385,30
426500,1434,401922,403356,30
426500,1434,329065,330499,25
426500,1424,335248,336672,25
426500,1433,340373,341806,26
426500,2379,382360,384739,29
427000,1587,389263,390850,29
427000,1439,421588,423027,32
427000,1434,428955,430389,32
427000,1448,338677,340125,25
427000,1429,358662,360091,27
427500,1430,359082,360512,27
427500,1436,314330,315766,24
427500,1429,320148,321577,24
427500,1413,310574,311987,23
427500,1429,300919,302348,23
428000,1428,298795,300223,23
428000,1440,317919,319359,24
428000,1436,367487,368923,24
428000,1437,346791,348228,26
428000,1420,355870,357290,26
428500,1925,291683,293608,22
428500,1427,294334,295761,22
428500,1485,370795,372280,28
428500,1432,316018,317450,24
428500,1427,337301,338728,24
429000,1435,249655,251090,19
429000,1453,252200,253653,19
429000,1433,394132,395565,30
429000,1440,411527,412967,30
429000,1432,356319,357751,24
429500,1632,361686,363318,27
429500,1432,359974,361406,27
429500,1438,389765,391203,28
429500,1427,379650,381077,28
429500,1551,393214,394765,29
430000,1618,379678,381296,28
430000,1445,375880,377325,28
430000,1477,348931,350408,26
430000,1437,384879,386316,29
430000,1431,388743,390174,29
430500,1501,359481,360982,26
430500,1439,343356,344795,26
430500,1756,329308,331064,23
430500,1519,285524,287043,21
430500,1451,277600,279051,21
431000,1460,396536,397996,30
431000,1653,402795,404448,30
431000,1618,322861,324479,24
431000,1444,321114,322558,24
431000,1442,370705,372147,28
431500,1473,284620,286093,21
431500,1450,283244,284694,21
431500,1450,353635,355085,25
431500,1438,337259,338697,25
431500,1458,348709,350167,26
432000,1844,347162,349006,26
432000,1446,253327,254773,19
432000,1438,255174,256612,19
432000,1439,251695,253134,19
432000,1439,269917,271356,19
432500,1447,251006,252453,19
432500,1456,254902,256358,19
432500,1445,279039,280484,21
432500,1447,285351,286798,21
432500,1448,316394,317842,24
433000,1438,308525,309963,22
433000,1431,294084,295515,22
433000,1596,352159,353755,21
433000,1738,288762,290500,21
433000,1580,377982,379562,28
433500,1447,383064,384511,28
433500,1451,320128,321579,24
433500,1455,268405,269860,20
433500,1448,264607,266055,20
433500,1499,319623,321122,24
434000,1451,337418,338869,25
434000,1468,321830,323298,24
434000,1459,339847,341306,24
434000,1458,354473,355931,26
434000,1446,349946,351392,26
434500,1449,361262,362711,27
434500,1449,323330,324779,24
434500,1459,346142,347601,24
434500,1662,357298,358960,26
434500,1458,378759,380217,26
435000,1774,386491,388265,28
435000,1443,341167,342610,22
435000,1454,298133,299587,22
435000,1449,352592,354041,26
435000,1455,355793,357248,26
435500,1586,380275,381861,28
435500,1670,377270,378940,28
435500,2134,400513,402647,29
435500,1452,270141,271593,20
435500,1462,269510,270972,20
436000,1452,367292,368744,27
436000,1454,373270,374724,27
436000,1520,334259,335779,25
436000,1465,396109,397574,28
436000,1475,378204,379679,28
436500,1478,357488,358966,26
436500,1458,355599,357057,26
436500,1458,396040,397498,29
436500,1513,258365,259878,19
436500,1635,260249,261884,19
437000,1700,281194,282894,20
437000,1469,270973,272442,20
437000,1578,304670,306248,21
437000,1461,285321,286782,21
437000,1460,266227,267687,20
437500,1496,268595,270091,20
437500,1461,390630,392091,29
437500,1488,391451,392939,29
437500,1475,379180,380655,28
437500,1490,309254,310744,23
438000,1501,310229,311730,23
438000,1461,334839,336300,25
438000,1471,364782,366253,25
438000,1504,367832,369336,27
438000,1464,462556,464020,34
438500,1476,466548,468024,34
438500,1766,298681,300447,22
438500,1467,300931,302398,22
438500,1467,403937,405404,30
438500,1463,406509,407972,28
439000,1470,383586,385056,28
439000,1506,322453,323959,24
439000,1495,324228,325723,23
439000,1560,326487,328047,23
439000,1473,314307,315780,23
439500,1476,311394,312870,23
439500,1469,244121,245590,18
439500,1481,244274,245755,18
439500,1517,417821,419338,30
439500,1659,403923,405582,30
440000,1484,415649,417133,30
440000,1471,353485,354956,25
440000,1462,395073,396535,25
440000,1479,354987,356466,24
440000,1461,374239,375700,27
440500,1469,370551,372020,27
440500,1467,342730,344197,25
440500,1500,343752,345252,25
440500,1501,318193,319694,22
440500,1469,353471,354940,26
441000,1482,356898,358380,26
441000,1471,323437,324908,24
441000,1470,329830,331300,24
441000,1484,272185,273669,20
441000,1469,274241,275710,20
441500,1476,367921,369397,27
441500,1483,319550,321033,23
441500,1485,340482,341967,23
441500,1495,428087,429582,31
441500,1472,434220,435692,31
442000,1486,368956,370442,27
442000,1483,302253,303736,22
442000,1486,315277,316763,22
442000,1478,408371,409849,29
442000,1478,399602,401080,29
442500,1508,330828,332336,24
442500,1478,290733,292211,21
442500,1485,287114,288599,21
442500,1491,269712,271203,20
442500,1463,297776,299239,20
443000,1476,347207,348683,23
443000,1478,315637,317115,23
443000,1477,441262,442739,32
443000,1476,356585,358061,26
443000,1627,356489,358116,26
443500,1488,405476,406964,28
443500,1659,384958,386617,28
443500,1563,472573,474136,34
443500,1489,389191,390680,28
443500,1649,409204,410853,28
444000,1659,415889,417548,30
444000,1580,354201,355781,25
444000,1483,356798,358281,25
444000,1491,423208,424699,29
444000,1490,357368,358858,26
444500,1488,359344,360832,26
444500,1492,316365,317857,22
444500,1521,316724,318245,22
444500,1552,385443,386995,28
444500,1494,360476,361970,26
445000,1484,360957,362441,26
445000,1488,402315,403803,29
445000,2058,450554,452612,28
445000,1549,394803,396352,28
445000,1628,328756,330384,24
445500,1486,336253,337739,24
445500,1466,302594,304060,22
445500,1472,350271,351743,25
445500,1493,371930,373423,25
445500,1491,315331,316822,23
446000,1485,315239,316724,23
446000,1485,376977,378462,27
446000,1498,291657,293155,21
446000,1491,291330,292821,21
446000,1490,345213,346703,25
446500,1522,342820,344342,25
446500,1560,402937,404497,29
446500,2318,420984,423302,29
446500,1818,215901,217719,15
446500,1491,387640,389131,28
447000,1495,385361,386856,28
447000,3428,348600,352028,25
447000,1502,320466,321968,23
447000,1501,337002,338503,23
447000,1494,406874,408368,29
447500,1543,400230,401773,29
447500,1566,415568,417134,30
447500,1498,391151,392649,28
447500,1523,404444,405967,28
447500,1498,359883,361381,26
448000,1497,357838,359335,26
448000,1626,356874,358500,26
448000,1581,331824,333405,24
448000,1504,333023,334527,24
448000,1499,321430,322929,23
448500,1509,420855,422364,30
448500,1724,418075,419799,30
448500,1498,388655,390153,28
448500,1540,380160,381700,25
448500,1512,353359,354871,25
449000,1503,390047,391550,28
449000,1724,397033,398757,28
449000,1554,337035,338589,24
449000,1497,396283,397780,27
449000,1503,375791,377294,27
449500,1545,337735,339280,24
449500,1526,292169,293695,21
449500,1507,292479,293986,21
449500,1509,349167,350676,25
449500,1508,351331,352839,25
450000,1516,253997,255513,18
450000,1503,251109,252612,18
450000,1533,345079,346612,24
450000,1509,338828,340337,24
450000,1603,347439,349042,24
450500,2098,419844,421942,25
450500,1635,359668,361303,25
450500,1527,341261,342788,23
450500,1489,323064,324553,23
450500,1516,403262,404778,29
451000,1558,280121,281679,20
451000,1502,279594,281096,20
451000,1519,376154,377673,26
451000,1506,359322,360828,26
451000,1504,370269,371773,26
451500,1510,306646,308156,22
451500,1504,305427,306931,22
451500,1562,322969,324531,23
451500,1534,319590,321124,23
451500,1504,376610,378114,27
452000,1496,441842,443338,31
452000,1664,436357,438021,31
452000,1509,349157,350666,25
452000,1553,332664,334217,24
452000,1510,340461,341971,24
452500,1515,384705,386220,27
452500,1512,378724,380236,27
452500,1779,287474,289253,20
452500,1825,430997,432822,30
452500,1532,418694,420226,30
453000,1847,350256,352103,25
453000,1512,353529,355041,25
453000,1520,324273,325793,23
453000,1509,436004,437513,30
453000,1541,424221,425762,30
453500,1538,341455,342993,24
453500,1541,417092,418633,30
453500,1506,431768,433274,30
453500,1545,339217,340762,24
453500,1541,342689,344230,24
454000,1524,336727,338251,24
454000,1521,393810,395331,28
454000,1531,402834,404365,28
454000,1526,258590,260116,18
454000,1519,336647,338166,24
454500,1519,331372,332891,24
454500,1555,367205,368760,26
454500,1577,367844,369421,26
454500,1520,407571,409091,27
454500,1770,421916,423686,30
455000,1512,435722,437234,30
455000,1519,349430,350949,24
455000,1526,362574,364100,26
455000,1506,448379,449885,26
455000,1914,407381,409295,27
455500,2198,426296,428494,25
455500,1513,360169,361682,25
455500,1877,419652,421529,25
455500,1517,298038,299555,20
455500,1517,301799,303316,20
456000,1616,284301,285917,20
456000,1520,281483,283003,20
456000,1852,428991,430843,28
456000,1537,408392,409929,28
456000,1627,262260,263887,18
456500,1725,353389,355114,25
456500,1535,356480,358015,25
456500,1557,336555,338112,24
456500,1530,327824,329354,22
456500,1501,318152,319653,22
457000,1524,428217,429741,30
457000,1542,422065,423607,30
457000,1551,425345,426896,30
457000,1527,351379,352906,25
457000,1532,356008,357540,25
457500,1627,330427,332054,23
457500,1552,368645,370197,25
457500,1540,373442,374982,25
457500,1528,388262,389790,28
457500,1557,394677,396234,28
458000,1538,435333,436871,31
458000,1540,338470,340010,24
458000,1529,346265,347794,24
458000,2043,434705,436748,25
458000,1537,352172,353709,25
458500,1532,360968,362500,25
458500,1533,356310,357843,25
458500,1712,357811,359523,25
458500,1527,371549,373076,26
458500,1534,356728,358262,25
459000,1590,355762,357352,25
459000,1898,380507,382405,27
459000,2558,342145,344703,23
459000,1717,333096,334813,23
459000,1541,298480,300021,21
459500,1541,296330,297871,21
459500,1536,310883,312419,22
459500,1532,313732,315264,22
459500,1556,365505,367061,26
459500,1550,395157,396707,26
460000,1546,367391,368937,26
460000,1538,270128,271666,19
460000,1934,274765,276699,19
460000,1567,343885,345452,24
460000,1544,341228,342772,24
460500,1550,319705,321255,22
460500,1537,414382,415919,29
460500,2810,460286,463096,29
460500,1672,342295,343967,24
460500,1547,328338,329885,23
461000,1551,333129,334680,23
461000,1548,329038,330586,23
461000,1551,331151,332702,23
461000,1545,345713,347258,23
461000,1543,415145,416688,29
461500,1596,417717,419313,29
461500,1595,243594,245189,17
461500,1560,244970,246530,17
461500,1542,329115,330657,23
461500,1548,298450,299998,21
462000,1572,325251,326823,21
462000,1657,449097,450754,31
462000,1544,439323,440867,31
462000,1710,344668,346378,24
462000,1544,389861,391405,27
462500,1601,385754,387355,27
462500,1566,285626,287192,20
462500,1575,286526,288101,20
462500,1559,327824,329383,23
462500,1542,297975,299517,21
463000,1548,299911,301459,21
463000,1553,328764,330317,23
463000,1551,333164,334715,23
463000,1553,429000,430553,30
463000,1565,240854,242419,17
463500,1549,246215,247764,17
463500,1554,357628,359182,25
463500,1552,381378,382930,25
463500,1582,397332,398914,26
463500,1620,374244,375864,26
464000,1587,370528,372115,26
464000,1550,394073,395623,28
464000,2011,404293,406304,28
464000,1555,409979,411534,28
464000,1555,456843,458398,32
464500,1731,463307,465038,32
464500,1558,316650,318208,22
464500,1562,390103,391665,27
464500,1583,388983,390566,27
464500,1571,384730,386301,27
465000,2354,360137,362491,25
465000,1567,359447,361014,25
465000,1562,373611,375173,26
465000,1826,375172,376998,26
465000,1580,386529,388109,26
465500,1692,347289,348981,24
465500,1591,352174,353765,24
465500,1568,356178,357746,22
465500,1588,351673,353261,24
465500,1555,355721,357276,24
466000,1572,384776,386348,27
466000,1573,372482,374055,26
466000,1563,377073,378636,26
466000,1558,345541,347099,24
466000,2349,339441,341790,23
466500,1584,334384,335968,23
466500,1870,402829,404699,28
466500,1580,404487,406067,28
466500,1633,362270,363903,25
466500,1556,277231,278787,19
467000,1573,275352,276925,19
467000,1560,357410,358970,25
467000,1565,365373,366938,25
467000,1559,406541,408100,28
467000,1559,300394,301953,21
467500,1562,300189,301751,21
467500,1568,357828,359396,25
467500,1584,383261,384845,25
467500,1569,304505,306074,21
467500,1564,428312,429876,28
468000,1570,405950,407520,28
468000,1564,349012,350576,24
468000,1569,335873,337442,23
468000,1562,332645,334207,23
468000,1569,420696,422265,29
468500,1601,418671,420272,29
468500,1577,365535,367112,25
468500,1632,375548,377180,26
468500,1567,380974,382541,26
468500,1563,380612,382175,26
469000,1548,362159,363707,25
469000,1559,367626,369185,25
469000,2074,353820,355894,24
469000,1555,313755,315310,22
469000,1588,315621,317209,22
469500,1573,386958,388531,27
469500,1592,389620,391212,27
469500,2194,293755,295949,20
469500,1708,310627,312335,21
469500,1572,309758,311330,21
470000,1599,377228,378827,26
470000,1570,375166,376736,26
470000,1568,310174,311742,21
470000,2472,409029,411501,27
470000,1550,388628,390178,27
470500,1569,374936,376505,26
470500,1570,422657,424227,26
470500,1578,429574,431152,26
470500,1561,344686,346247,23
470500,1565,428417,429982,29
471000,1585,426754,428339,29
471000,1576,331484,333060,23
471000,1568,318495,320063,22
471000,1573,322080,323653,22
471000,1593,402771,404364,28
471500,1574,412367,413941,28
471500,1626,379735,381361,26
471500,1578,468740,470318,32
471500,1652,464367,466019,32
471500,1604,239870,241474,16
472000,1605,364178,365783,25
472000,1767,359150,360917,25
472000,6747,375578,382325,25
472000,1574,380149,381723,26
472000,1678,379608,381286,26
472500,1597,398425,400022,27
472500,1587,394843,396430,27
472500,1610,277822,279432,19
472500,1576,406245,407821,28
472500,1580,413198,414778,28
473000,1583,320515,322098,22
473000,1691,278034,279725,19
473000,1581,279537,281118,19
473000,1583,362953,364536,25
473000,1624,368409,370033,25
473500,1581,427558,429139,29
473500,1584,344493,346077,23
473500,1582,362862,364444,23
473500,1590,420623,422213,29
473500,1607,248452,250059,17
474000,1589,244477,246066,17
474000,1583,280619,282202,19
474000,1591,278583,280174,19
474000,1590,394042,395632,27
474000,2583,405738,408321,27
474500,1592,407533,409125,28
474500,1653,377549,379202,26
474500,1593,382431,384024,26
474500,1630,371501,373131,25
474500,2121,392260,394381,25
475000,1781,380398,382179,25
475000,1766,308966,310732,21
475000,1934,336342,338276,21
475000,1587,337572,339159,23
475000,1598,394885,396483,27
475500,1597,392524,394121,27
475500,1582,384589,386171,23
475500,1590,515998,517588,33
475500,1577,500180,501757,33
475500,1571,313199,314770,21
476000,1578,497352,498930,33
476000,1599,500384,501983,34
476000,1590,510823,512413,34
476000,1633,355301,356934,24
476000,1605,323562,325167,22
476500,1587,323840,325427,22
476500,1795,424288,426083,28
476500,1595,352204,353799,24
476500,1591,355396,356987,24
476500,1616,425618,427234,29
477000,1596,425730,427326,29
477000,1602,292401,294003,20
477000,1589,375648,377237,25
477000,1589,371227,372816,25
477000,1611,419937,421548,27
477500,1635,394947,396582,27
477500,1602,396395,397997,27
477500,1586,298269,299855,20
477500,1593,355726,357319,24
477500,1594,361677,363271,24
478000,1635,405277,406912,27
478000,2089,407803,409892,27
478000,1868,403298,405166,27
478000,1604,414181,415785,28
478000,1751,250412,252163,17
478500,1629,252898,254527,17
478500,1648,307648,309296,21
478500,1595,309462,311057,21
478500,1595,357039,358634,24
478500,1610,356660,358270,24
479000,1597,427315,428912,29
479000,1598,417468,419066,28
479000,1602,415436,417038,28
479000,1615,463895,465510,31
479000,1609,355315,356924,24
479500,1768,360101,361869,24
479500,1607,432597,434204,29
479500,1626,301197,302823,20
479500,1602,299517,301119,20
479500,1599,339454,341053,21
480000,1650,311041,312691,21
480000,1602,294841,296443,20
480000,1618,414248,415866,28
480000,1604,416891,418495,28
480000,1602,329893,331495,22
480500,1606,487575,489181,32
480500,1638,486531,488169,32
480500,1594,332118,333712,22
480500,1605,382085,383690,26
480500,1602,393135,394737,26
481000,1595,300842,302437,20
481000,1616,351071,352687,24
481000,1645,376352,377997,24
481000,1649,313381,315030,21
481000,1604,314858,316462,21
481500,1605,339862,341467,23
481500,1647,382381,384028,25
481500,1627,374220,375847,25
481500,1609,358086,359695,24
481500,2508,303422,305930,19
482000,1615,281062,282677,19
482000,1617,338284,339901,23
482000,1646,355316,356962,23
482000,1618,422277,423895,28
482000,1587,386391,387978,26
482500,1618,393147,394765,26
482500,1614,392330,393944,26
482500,1618,406869,408487,26
482500,1619,374579,376198,25
482500,1612,390020,391632,26
483000,1612,392894,394506,26
483000,1624,310116,311740,21
483000,1649,328243,329892,22
483000,1632,332188,333820,22
483000,1613,363618,365231,24
483500,1647,300840,302487,20
483500,1622,295153,296775,20
483500,1612,464359,465971,29
483500,1653,438110,439763,29
483500,1612,348652,350264,23
484000,1725,347048,348773,23
484000,1614,373159,374773,23
484000,2815,327849,330664,22
484000,1624,377965,379589,25
484000,2205,374106,376311,25
484500,1627,380279,381906,25
484500,1645,383463,385108,25
484500,1733,421967,423700,28
484500,1615,373856,375471,25
484500,1621,370457,372078,25
485000,1707,404050,405757,27
485000,1617,298213,299830,20
485000,1629,305158,306787,20
485000,1617,389033,390650,24
485000,1787,431557,433344,28
485500,1613,421803,423416,28
485500,1621,403743,405364,27
485500,1633,286945,288578,19
485500,1622,298212,299834,19
485500,1631,407199,408830,27
486000,1618,407102,408720,27
486000,1625,317305,318930,21
486000,1637,486256,487893,31
486000,1683,466640,468323,31
486000,1639,439321,440960,29
486500,1625,311850,313475,21
486500,1635,320034,321669,21
486500,1625,319734,321359,21
486500,1634,359204,360838,24
486500,1650,375580,377230,24
487000,1636,370788,372424,24
487000,1842,409747,411589,27
487000,2308,406825,409133,27
487000,6038,437791,443829,25
487000,1901,277599,279500,18
487500,1986,321488,323474,18
487500,1630,482622,484252,31
487500,1637,300325,301962,20
487500,1639,301920,303559,20
487500,1635,271737,273372,18
488000,1666,271251,272917,18
488000,1661,423346,425007,28
488000,2650,375275,377925,25
488000,2077,380481,382558,25
488000,1712,348132,349844,22
488500,1637,331496,333133,22
488500,1657,365880,367537,24
488500,1632,261541,263173,17
488500,1643,253762,255405,17
488500,1632,420717,422349,28
489000,1770,424423,426193,28
489000,1623,297547,299170,19
489000,1631,384199,385830,25
489000,1624,386564,388188,25
489000,1657,318570,320227,21
489500,1610,386389,387999,25
489500,1637,381030,382667,25
489500,1635,419151,420786,28
489500,1635,546613,548248,35
489500,1855,426155,428010,28
490000,1633,428471,430104,28
490000,1638,366724,368362,24
490000,1651,505959,507610,31
490000,1640,474042,475682,31
490000,1639,364222,365861,24
490500,1656,441986,443642,29
490500,1640,441059,442699,29
490500,1646,464514,466160,29
490500,1664,369222,370886,24
490500,1818,362166,363984,24
491000,1887,396929,398816,26
491000,1672,394941,396613,26
491000,1650,401377,403027,26
491000,1650,391146,392796,26
491000,1759,349761,351520,23
491500,1656,360040,361696,23
491500,1646,394052,395698,26
491500,1642,333409,335051,22
491500,1713,337797,339510,22
491500,1639,411782,413421,27
492000,2676,411399,414075,27
492000,1654,421010,422664,27
492000,1900,513675,515575,32
492000,1644,401735,403379,26
492000,1645,398713,400358,26
492500,1640,380092,381732,25
492500,1648,536383,538031,36
492500,1643,294428,296071,19
492500,1645,286261,287906,19
492500,1660,473451,475111,30
493000,1646,460381,462027,30
493000,1645,370991,372636,24
493000,1654,356763,358417,23
493000,1743,349894,351637,23
493000,1701,423563,425264,28
493500,1690,367388,369078,24
493500,1649,366169,367818,24
493500,1689,495687,497376,32
493500,1662,362297,363959,24
493500,1657,300690,302347,20
494000,1684,303608,305292,20
494000,1673,389393,391066,26
494000,1961,401675,403636,26
494000,1661,386944,388605,25
494000,1656,367758,369414,24
494500,1880,373479,375359,24
494500,1653,375563,377216,25
494500,1653,379071,380724,25
494500,1651,383811,385462,25
494500,1654,494777,496431,29
495000,1673,293357,295030,19
495000,1653,287585,289238,19
495000,1653,489474,491127,31
495000,1654,305764,307418,20
495000,1660,303178,304838,20
495500,1665,442865,444530,29
495500,1680,439623,441303,29
495500,1680,334230,335910,22
495500,1654,333025,334679,22
495500,1656,339935,341591,22
496000,1684,429347,431031,28
496000,1653,348639,350292,23
496000,1659,347106,348765,23
496000,1665,349931,351596,23
496000,2002,399701,401703,26
496500,1667,394385,396052,26
496500,1661,442911,444572,29
496500,1669,335157,336826,22
496500,1677,340619,342296,22
496500,1690,436820,438510,27
497000,1683,290440,292123,19
497000,1674,289813,291487,19
497000,1659,446009,447668,29
497000,1660,455608,457268,29
497000,1667,423003,424670,28
497500,1687,396816,398503,26
497500,1668,398665,400333,26
497500,1677,347708,349385,23
497500,1669,333828,335497,22
497500,1753,338639,340392,22
498000,1670,369329,370999,24
498000,1660,337560,339220,22
498000,1688,335520,337208,22
498000,1661,340791,342452,22
498000,1694,333246,334940,22
498500,1804,353377,355181,23
498500,1694,439787,441481,29
498500,1672,439508,441180,29
498500,1672,334917,336589,22
498500,1663,287736,289399,19
499000,1707,289190,290897,19
499000,1674,439840,441514,29
499000,1957,379580,381537,25
499000,1678,379387,381065,25
499000,1666,319203,320869,21
499500,1916,383367,385283,25
499500,1673,387856,389529,25
499500,1700,362233,363933,23
499500,1981,381056,383037,25
499500,1737,386937,388674,25
500000,1671,393841,395512,26
500000,1684,276345,278029,18
500000,1676,273384,275060,18
500000,1704,364716,366420,24
500000,1837,367724,369561,24
500500,1791,297212,299003,19
500500,1669,291278,292947,19
500500,1694,502937,504631,31
500500,1678,320803,322481,21
500500,1670,326960,328630,21
501000,1668,352823,354491,22
501000,1846,435412,437258,28
501000,1681,466761,468442,28
501000,1725,412661,414386,25
501000,1815,490390,492205,29
501500,1827,328867,330694,21
501500,1673,325957,327630,21
501500,1682,415154,416836,27
501500,1673,415473,417146,27
501500,1792,340923,342715,21
502000,1684,342428,344112,22
502000,1679,341055,342734,22
502000,1707,429509,431216,27
502000,1688,399423,401111,26
502000,1679,400599,402278,26
502500,1931,338936,340867,22
502500,1684,443337,445021,29
502500,1673,459233,460906,29
502500,1678,450008,451686,29
502500,1678,502467,504145,32
503000,1681,400045,401726,26
503000,1690,401406,403096,26
503000,1681,341111,342792,22
503000,1676,416785,418461,27
503000,1681,419865,421546,27
503500,1705,444973,446678,29
503500,1681,461644,463325,30
503500,1697,344028,345725,22
503500,1688,341599,343287,22
503500,1753,400277,402030,26
504000,1736,409021,410757,26
504000,1685,342129,343814,22
504000,1677,421619,423296,27
504000,1696,424831,426527,27
504000,1863,266646,268509,17
504500,1645,385276,386921,25
504500,2059,416477,418536,25
504500,1687,457761,459448,29
504500,1692,398855,400547,26
504500,1692,427730,429422,28
505000,1712,435355,437067,28
505000,1689,384297,385986,25
505000,1699,384973,386672,25
505000,1683,410750,412433,25
505000,1683,505972,507655,33
505500,1695,415572,417267,27
505500,1719,422332,424051,27
505500,1717,419638,421355,27
505500,1696,333838,335534,21
505500,1874,329159,331033,21
506000,1703,327082,328785,21
506000,1704,404232,405936,26
506000,2607,413916,416523,26
506000,1696,405923,407619,26
506000,1720,429922,431642,28
506500,1723,433688,435411,28
506500,1698,369251,370949,24
506500,1690,368685,370375,24
506500,1690,373794,375484,24
506500,1715,369897,371612,24
507000,1701,388032,389733,25
507000,1698,390662,392360,25
507000,1691,402583,404274,26
507000,1699,432893,434592,28
507000,1699,402016,403715,26
507500,1716,405452,407168,26
507500,1703,342894,344597,22
507500,1702,511731,513433,32
507500,1698,503833,505531,32
507500,1733,467474,469207,27
508000,1730,340341,342071,22
508000,1704,351552,353256,22
508000,1708,384862,386570,23
508000,1790,376237,378027,24
508000,1749,376197,377946,24
508500,1694,370835,372529,24
508500,1741,298979,300720,19
508500,1702,294878,296580,19
508500,1734,338745,340479,22
508500,1700,354563,356263,22
509000,1738,351973,353711,22
509000,1706,398806,400512,25
509000,1826,388377,390203,25
509000,1744,387671,389415,25
509000,1698,288317,290015,18
509500,1706,283606,285312,18
509500,1701,416854,418555,27
509500,1702,308531,310233,20
509500,1709,309006,310715,20
509500,2044,314102,316146,20
510000,1740,317215,318955,20
510000,1729,352448,354177,22
510000,1801,474378,476179,30
510000,1871,467439,469310,30
510000,1710,331577,333287,21
510500,1729,359873,361602,23
510500,1702,362035,363737,23
510500,1754,349957,351711,22
510500,1728,390955,392683,25
510500,1713,387744,389457,25
511000,1707,387473,389180,25
511000,1702,348181,349883,22
511000,1801,350361,352162,22
511000,1709,376041,377750,24
511000,1705,445614,447319,28
511500,1743,458348,460091,28
511500,1744,451300,453044,29
511500,1770,393353,395123,25
511500,1863,471456,473319,30
511500,1715,470388,472103,30
512000,1715,454806,456521,29
512000,1706,337445,339151,21
512000,1723,331897,333620,21
512000,1780,394954,396734,25
512000,1912,348431,350343,22
512500,1711,349402,351113,22
512500,1877,405737,407614,26
512500,1720,352925,354645,22
512500,1710,349991,351701,22
512500,1751,393637,395388,25
513000,1769,454948,456717,29
513000,1714,456931,458645,29
513000,1713,470495,472208,30
513000,1720,391611,393331,25
513000,1714,372927,374641,24
513500,1712,375818,377530,24
513500,1716,424132,425848,27
513500,1728,413536,415264,25
513500,1715,391705,393420,25
513500,1706,345375,347081,22
514000,1971,356266,358237,22
514000,1715,348711,350426,22
514000,1714,458599,460313,29
514000,1723,389133,390856,25
514000,1737,399094,400831,25
514500,1799,443407,445206,28
514500,1740,436351,438091,28
514500,1723,437937,439660,28
514500,1716,362988,364704,23
514500,1733,429204,430937,27
515000,1780,425332,427112,27
515000,1735,366987,368722,23
515000,1727,341618,343345,22
515000,1731,342810,344541,22
515000,1718,397678,399396,25
515500,1795,395030,396825,25
515500,1728,393981,395709,25
515500,1722,365414,367136,23
515500,1770,426305,428075,27
515500,1854,426026,427880,27
516000,1733,318573,320306,20
516000,1774,337204,338978,21
516000,1752,334010,335762,21
516000,1732,298071,299803,19
516000,1760,525021,526781,33
516500,1748,531515,533263,33
516500,1723,439473,441196,27
516500,1723,409908,411631,26
516500,1877,311379,313256,19
516500,1725,306691,308416,19
517000,1844,412372,414216,26
517000,1752,442098,443850,28
517000,1722,441597,443319,28
517000,1740,383365,385105,24
517000,1735,477251,478986,30
517500,1831,475341,477172,30
517500,1735,397941,399676,25
517500,1775,480871,482646,30
517500,1825,268985,270810,17
517500,1804,279536,281340,17
518000,1751,485858,487609,30
518000,1787,299392,301179,19
518000,1763,312189,313952,19
518000,2142,533109,535251,32
518000,1763,399387,401150,25
518500,1763,398659,400422,25
518500,1828,400324,402152,25
518500,1758,382806,384564,24
518500,1766,384798,386564,24
518500,1760,472006,473766,30
519000,1757,486711,488468,31
519000,1766,257891,259657,16
519000,1740,254490,256230,16
519000,1748,353668,355416,22
519000,2011,350560,352571,22
519500,1737,413002,414739,26
519500,1742,349022,350764,22
519500,1739,350346,352085,22
519500,1773,338121,339894,21
519500,1904,412880,414784,26
520000,1751,412969,414720,26
520000,1740,376204,377944,23
520000,1746,419909,421655,26
520000,1738,412028,413766,26
520000,1736,394533,396269,24
520500,1744,331726,333470,21
520500,1721,340494,342215,21
520500,1823,463838,465661,28
520500,1739,429757,431496,27
520500,1746,435636,437382,27
521000,1786,454084,455870,28
521000,1757,341165,342922,21
521000,1748,337955,339703,21
521000,1742,397765,399507,25
521000,1727,358641,360368,22
521500,1770,348308,350078,22
521500,1754,285639,287393,18
521500,1946,401350,403296,25
521500,1763,397226,398989,25
521500,1770,398240,400010,24
522000,2881,361125,364006,22
522000,1787,354403,356190,22
522000,1769,383304,385073,24
522000,1783,399767,401550,25
522000,1756,400578,402334,25
522500,1787,450338,452125,28
522500,1766,336945,338711,21
522500,1912,360258,362170,21
522500,1885,405523,407408,25
522500,2148,417418,419566,24
523000,1743,405994,407737,24
523000,1754,366025,367779,23
523000,1753,356376,358129,22
523000,2700,357876,360576,22
523000,1744,379788,381532,23
523500,1756,287703,289459,18
523500,1756,290701,292457,18
523500,1743,436401,438144,27
523500,1750,367843,369593,23
523500,1754,370727,372481,23
524000,1764,382691,384455,24
524000,1748,418135,419883,26
524000,1752,415682,417434,26
524000,1757,416831,418588,26
524000,1757,431203,432960,27
524500,1749,436956,438705,27
524500,1758,400909,402667,25
524500,1753,333498,335251,19
524500,1748,310925,312673,19
524500,2811,434332,437143,27
525000,1751,471134,472885,29
525000,1780,451219,452999,28
525000,2921,452408,455329,28
525000,1759,338838,340597,21
525000,1778,326649,328427,20
525500,1785,322084,323869,20
525500,1755,324784,326539,20
525500,2163,344006,346169,20
525500,1772,322612,324384,20
525500,1817,461896,463713,29
526000,1769,464435,466204,29
526000,1900,403142,405042,25
526000,1756,438881,440637,27
526000,1792,423337,425129,26
526000,1812,429754,431566,26
526500,1761,388403,390164,24
526500,1936,363717,365653,22
526500,1963,363036,364999,22
526500,1760,340495,342255,21
526500,1806,370919,372725,23
527000,1756,381084,382840,23
527000,1759,411838,413597,25
527000,2038,321022,323060,20
527000,1760,321524,323284,20
527000,1810,446917,448727,26
527500,1777,502710,504487,31
527500,2093,390430,392523,24
527500,1767,391820,393587,24
527500,1770,368208,369978,23
527500,1926,336123,338049,21
528000,1764,337697,339461,21
528000,1759,470608,472367,29
528000,1778,517242,519020,32
528000,1772,529591,531363,32
528000,1925,307900,309825,19
528500,1763,324153,325916,18
528500,1763,292332,294095,18
528500,1917,393113,395030,23
528500,1785,420746,422531,26
528500,1778,421834,423612,26
529000,1966,407893,409859,25
529000,1776,338557,340333,21
529000,1786,451032,452818,28
529000,1773,455166,456939,28
529000,1763,421630,423393,26
529500,1775,457119,458894,28
529500,1776,453523,455299,28
529500,1770,388961,390731,24
529500,3212,451631,454843,27
529500,1756,524528,526284,32
530000,1771,337535,339306,21
530000,1764,342308,344072,21
530000,2077,388501,390578,23
530000,1767,370759,372526,23
530000,1779,389670,391449,24
530500,1792,417706,419498,26
530500,1770,437398,439168,27
530500,1786,433835,435621,27
530500,1995,323112,325107,20
530500,1820,452018,453838,28
531000,1873,451445,453318,28
531000,1784,353664,355448,22
531000,1779,449206,450985,28
531000,1790,454471,456261,28
531000,1802,387318,389120,24
531500,1782,455280,457062,28
531500,1826,407728,409554,25
531500,1785,406730,408515,25
531500,1780,438450,440230,26
531500,1784,410098,411882,25
532000,1784,404875,406659,25
532000,1765,433310,435075,26
532000,1785,429319,431104,26
532000,1813,412030,413843,25
532000,1783,407923,409706,25
532500,1785,276743,278528,17
532500,1785,414109,415894,25
532500,1873,409943,411816,25
532500,1774,368463,370237,22
532500,1767,488782,490549,30
533000,1779,495261,497040,30
533000,1777,364892,366669,22
533000,1796,440036,441832,26
533000,2479,453841,456320,27
533000,1852,458476,460328,27
533500,1785,343016,344801,20
533500,1780,400889,402669,23
533500,2485,479809,482294,29
533500,1779,480830,482609,29
533500,1789,493418,495207,30
534000,1955,433756,435711,26
534000,1807,378470,380277,23
534000,1960,382534,384494,23
534000,1791,395055,396846,24
534000,1790,343602,345392,21
534500,1783,358083,359866,21
534500,1792,360716,362508,22
534500,1792,376292,378084,23
534500,1781,385246,387027,23
534500,1806,344627,346433,21
535000,1921,436072,437993,26
535000,1798,430904,432702,26
535000,1872,541614,543486,33
535000,1820,395185,397005,24
535000,1785,429297,431082,25
535500,1840,413491,415331,25
535500,1814,315908,317722,19
535500,1786,378492,380278,23
535500,1822,380607,382429,23
535500,1801,448101,449902,27
536000,1870,429577,431447,26
536000,1833,389683,391516,24
536000,1796,403204,405000,24
536000,1804,412501,414305,25
536000,1776,447197,448973,27
536500,1822,446163,447985,27
536500,2050,437872,439922,26
536500,1826,399103,400929,23
536500,1829,409566,411395,25
536500,1792,419769,421561,25
537000,1800,394388,396188,24
537000,1824,493686,495510,30
537000,1821,501543,503364,30
537000,1825,440412,442237,26
537000,1806,441806,443612,27
537500,1864,429243,431107,26
537500,1801,411571,413372,25
537500,1816,416290,418106,25
537500,1805,460721,462526,28
537500,1876,375830,377706,23
538000,1794,399669,401463,23
538000,2016,416069,418085,25
538000,1958,294068,296026,18
538000,1829,297934,299763,18
538000,1831,430518,432349,26
538500,1805,391952,393757,24
538500,1803,410242,412045,24
538500,1803,348122,349925,21
538500,1818,458385,460203,28
538500,1796,461992,463788,28
539000,1801,394638,396439,24
539000,1780,386887,388667,24
539000,1966,397379,399345,24
539000,1807,395237,397044,24
539000,1805,375914,377719,23
539500,1809,461059,462868,28
539500,1828,478549,480377,28
539500,1807,346315,348122,21
539500,1808,390532,392340,24
539500,1994,381527,383521,22
540000,1785,367404,369189,22
540000,1832,427272,429104,26
540000,1801,470275,472076,28
540000,1801,478070,479871,28
540000,1802,377707,379509,23
540500,1983,380905,382888,23
540500,1810,383630,385440,23
540500,1791,387171,388962,22
540500,1810,267006,268816,16
540500,1815,284562,286377,16
541000,1812,399103,400915,24
541000,1813,378589,380402,23
541000,1813,387123,388936,23
541000,1940,545187,547127,33
541000,1805,449672,451477,27
541500,1832,464737,466569,27
541500,1809,447662,449471,27
541500,1932,469341,471273,28
541500,1814,410296,412110,25
541500,1814,479672,481486,29
542000,1810,480643,482453,29
542000,1808,397005,398813,23
542000,1812,470476,472288,28
542000,1806,316223,318029,19
542000,1815,315832,317647,19
542500,1817,378614,380431,23
542500,1817,494429,496246,29
542500,1836,514487,516323,29
542500,1828,525106,526934,31
542500,1917,501607,503524,30
543000,1930,432292,434222,26
543000,1821,385645,387466,23
543000,2080,402923,405003,23
543000,1845,335453,337298,20
543000,1884,405359,407243,24
543500,1814,402434,404248,24
543500,1814,370247,372061,22
543500,1822,435975,437797,26
543500,1877,480524,482401,26
543500,1831,537185,539016,31
544000,1912,407724,409636,24
544000,1945,400919,402864,24
544000,1823,403974,405797,24
544000,1907,389494,391401,23
544000,1831,334325,336156,20
544500,1824,404952,406776,23
544500,1817,390370,392187,23
544500,2091,415222,417313,24
544500,2083,488316,490399,29
544500,1830,504192,506022,29
545000,2388,454811,457199,24
545000,2105,493300,495405,28
545000,1824,445070,446894,25
545000,1821,398294,400115,24
545000,1827,399151,400978,24
545500,1829,402604,404433,24
545500,1827,415682,417509,25
545500,1895,426169,428064,25
545500,1820,423563,425383,25
545500,1821,480887,482708,28
546000,1831,302661,304492,18
546000,1989,305761,307750,18
546000,1832,506702,508534,29
546000,1904,539551,541455,32
546000,1841,503419,505260,30
546500,1848,506382,508230,30
546500,1855,437966,439821,26
546500,1898,387847,389745,22
546500,1832,452707,454539,27
546500,1832,476391,478223,27
547000,1857,416575,418432,25
547000,2177,385479,387656,22
547000,2063,345730,347793,20
547000,1825,343466,345291,20
547000,1845,482039,483884,28
547500,1816,462862,464678,27
547500,1836,523859,525695,27
547500,2292,519048,521340,27
547500,1975,375840,377815,22
547500,2048,424403,426451,25
548000,1855,327142,328997,19
548000,1836,323973,325809,19
548000,1848,425185,427033,25
548000,1855,354619,356474,21
548000,2151,360628,362779,21
548500,1883,367092,368975,22
548500,1841,454547,456388,27
548500,1848,478648,480496,27
548500,1845,422913,424758,25
548500,1837,473900,475737,27
549000,1907,452768,454675,27
549000,1894,457684,459578,27
549000,1840,372731,374571,20
549000,1899,457259,459158,26
549000,2226,369087,371313,21
549500,1858,360430,362288,21
549500,2008,354083,356091,21
549500,1859,406274,408133,24
549500,1888,427972,429860,24
549500,1841,432139,433980,25
550000,2000,456143,458143,27
550000,1911,283696,285607,17
550000,1848,286431,288279,17
550000,1842,457509,459351,27
550000,1865,359035,360900,21
550500,1844,352794,354638,21
550500,1859,452430,454289,27
550500,1942,506559,508501,30
550500,1887,504503,506390,30
550500,1977,392586,394563,23
551000,1961,399226,401187,23
551000,1983,440565,442548,26
551000,1848,455741,457589,26
551000,1846,449386,451232,26
551000,1966,506181,508147,30
551500,1900,478069,479969,28
551500,1865,440074,441939,26
551500,1860,450160,452020,26
551500,2021,412162,414183,23
551500,2285,394053,396338,23
552000,1992,389987,391979,23
552500,1933,385641,387574,23
552500,1841,488127,489968,28
552500,1845,353984,355829,21
552500,1842,368890,370732,21
552500,1842,410417,412259,24
553000,1804,392817,394621,24
553000,1839,401171,403010,24
553000,1797,514654,516451,31
553000,2114,447852,449966,25
553000,1853,401737,403590,23
553500,1845,392244,394089,23
553500,1853,409184,411037,24
553500,1843,375217,377060,22
553500,1853,453319,455172,27
553500,1846,465911,467757,27
554000,1847,405465,407312,24
554000,1846,412198,414044,24
554000,1897,418209,420106,24
554000,1849,540818,542667,31
554000,1846,424976,426822,25
554500,2154,379111,381265,22
554500,1848,381337,383185,22
554500,1857,521934,523791,30
554500,1845,448641,450486,26
554500,1866,481942,483808,26
555000,2372,549257,551629,32
555000,2290,612999,615289,32
555000,2350,403432,405782,23
555000,1810,354644,356454,21
555000,1798,419087,420885,22
555500,1864,377975,379839,22
555500,1853,429104,430957,25
555500,1908,545582,547490,32
555500,1853,444256,446109,26
555500,2057,442181,444238,26
556000,2851,466543,469394,27
556000,1872,496785,498657,28
556000,1905,519170,521075,30
556000,1856,460208,462064,27
556000,1853,458802,460655,27
556500,1964,414208,416172,24
556500,2000,392375,394375,23
556500,1909,376841,378750,22
556500,1874,376531,378405,22
556500,1856,389662,391518,23
557000,1822,390100,391922,23
557000,1836,399210,401046,23
557000,1857,410137,411994,24
557000,1853,376243,378096,22
557000,2005,380223,382228,22
557500,1880,445527,447407,26
557500,1867,413102,414969,24
557500,1859,472120,473979,27
557500,1818,464657,466475,27
557500,1882,435096,436978,25
558000,1865,417742,419607,24
558000,1889,440553,442442,26
558000,1827,450658,452485,26
558000,1923,339614,341537,20
558000,1861,397350,399211,23
558500,1889,498690,500579,29
558500,1886,506222,508108,29
558500,1870,470146,472016,27
558500,2264,456020,458284,25
558500,2055,529090,531145,29
559000,1866,404245,406111,23
559000,2024,402790,404814,23
559000,1866,444935,446801,26
559000,1868,427835,429703,25
559000,1874,436998,438872,25
559500,1878,460242,462120,27
559500,1863,430201,432064,25
559500,1865,433034,434899,25
559500,2066,435309,437375,25
559500,1947,382200,384147,22
560000,1980,515550,517530,30
560000,1867,373975,375842,21
560000,1869,363523,365392,21
560000,1869,430445,432314,25
560000,1886,328022,329908,19
560500,1868,331503,333371,19
560500,1909,483135,485044,28
560500,1872,413734,415606,24
560500,1869,434892,436761,25
560500,1867,431376,433243,25
561000,1872,220878,222750,13
561000,2117,471265,473382,28
561000,2160,483669,485829,28
561000,1853,388893,390746,23
561000,2053,367689,369742,21
561500,1911,377977,379888,22
561500,1872,385455,387327,22
561500,1872,394207,396079,23
561500,1870,430969,432839,25
561500,2054,437646,439700,25
562000,1888,397810,399698,23
562000,2012,448649,450661,26
562000,1873,418117,419990,24
562000,1878,416790,418668,24
562000,1913,447397,449310,26
562500,1876,486520,488396,28
562500,1881,450128,452009,26
562500,1988,449129,451117,26
562500,1875,468127,470002,27
562500,1888,436199,438087,25
563000,1914,411097,413011,24
563000,1897,408624,410521,24
563000,1886,479160,481046,27
563000,2005,435008,437013,25
563000,1882,624205,626087,36
563500,2286,463171,465457,24
563500,2557,440148,442705,24
563500,1878,399224,401102,23
563500,1880,398618,400498,23
563500,1938,360400,362338,21
564000,1877,370631,372508,21
564000,1847,368734,370581,22
564000,2174,393866,396040,22
564000,1925,384205,386130,22
564000,1901,393734,395635,23
564500,1841,485926,487767,29
564500,1851,435244,437095,25
564500,1848,422956,424804,25
564500,1841,426746,428587,24
564500,1990,432326,434316,25
565000,1883,433301,435184,25
565000,1895,452451,454346,26
565000,1898,363090,364988,21
565000,1882,438049,439931,25
565000,1903,433485,435388,25
565500,1910,441817,443727,25
565500,1884,354923,356807,20
565500,1884,515381,517265,30
565500,1887,523049,524936,30
565500,1885,448164,450049,26
566000,1861,420052,421913,24
566000,1887,403430,405317,23
566000,1887,400628,402515,23
566000,1886,354191,356077,20
566000,1886,448530,450416,26
566500,1906,315452,317358,18
566500,1892,310655,312547,18
566500,1967,367831,369798,21
566500,1889,382418,384307,22
566500,1959,388898,390857,22
567000,1898,395045,396943,23
567000,1894,467349,469243,27
567000,1890,474112,476002,27
567000,2084,378725,380809,22
567000,1863,420621,422484,24
567500,1906,475157,477063,27
567500,1951,488772,490723,27
567500,2038,455944,457982,26
567500,2017,334838,336855,18
567500,1890,364187,366077,21
568000,1874,360479,362353,21
568000,1877,438112,439989,26
568000,2226,400221,402447,23
568000,2262,408817,411079,23
568000,1891,559959,561850,32
568500,1895,444986,446881,26
568500,1860,574771,576631,32
568500,1857,357137,358994,20
568500,2223,345972,348195,20
568500,1888,356192,358080,21
569000,1853,584462,586315,33
569000,1866,340330,342196,19
569000,1896,333825,335721,19
569000,1897,490754,492651,28
569000,1900,507109,509009,29
569500,1847,373896,375743,21
569500,2248,373396,375644,21
569500,1856,379732,381588,22
569500,1887,499773,501660,29
569500,1865,502851,504716,29
570000,1867,343058,344925,20
570000,1895,463723,465618,26
570000,1908,350643,352551,20
570000,1913,366827,368740,20
570000,1899,475126,477025,27
570500,1992,354199,356191,20
570500,1905,491422,493327,28
570500,2287,490234,492521,28
570500,1912,389169,391081,22
570500,1901,417683,419584,24
571000,2085,359309,361394,20
571000,1886,355111,356997,20
571000,1908,408652,410560,23
571000,1908,534561,536469,30
571000,1985,534486,536471,30
571500,1931,350691,352622,20
571500,1921,419412,421333,24
571500,1923,461310,463233,26
571500,1904,430309,432213,24
571500,1974,424740,426714,24
572000,1912,443653,445565,25
572000,1925,452696,454621,26
572000,1958,407765,409723,23
572000,2140,404430,406570,23
572000,1911,426546,428457,24
572500,1947,402517,404464,23
572500,1908,405751,407659,23
572500,1944,444843,446787,25
572500,1908,447011,448919,25
572500,1949,404088,406037,23
573000,2018,406431,408449,23
573000,1910,428977,430887,24
573000,1908,423181,425089,24
573000,2025,439088,441113,25
573000,2092,446721,448813,25
573500,2224,436593,438817,24
573500,1911,422936,424847,24
573500,1914,406237,408151,23
573500,1872,408094,409966,23
573500,1870,324825,326695,19
574000,1875,366864,368739,21
574000,1917,378664,380581,21
574000,1885,481434,483319,28
574000,1871,411600,413471,24
574000,1948,441775,443723,25
574500,1884,431935,433819,25
574500,1915,457305,459220,26
574500,2019,415813,417832,23
574500,1914,458186,460100,26
574500,2117,486177,488294,26
575000,1916,495884,497800,28
575000,2016,509633,511649,28
575000,1925,388188,390113,22
575000,1916,539407,541323,30
575000,1923,533092,535015,30
575500,1933,405037,406970,23
575500,1955,499859,501814,28
575500,1940,437938,439878,23
575500,1918,333128,335046,19
575500,2122,339362,341484,19
576000,2003,413359,415362,23
576000,1953,463679,465632,26
576000,2131,457635,459766,26
576000,1886,420707,422593,24
576000,1927,415424,417351,24
576500,1889,390158,392047,22
576500,1955,377395,379350,22
576500,1922,534529,536451,31
576500,1947,449946,451893,26
576500,1968,443238,445206,25
577000,1906,433967,435873,25
577000,1997,344108,346105,19
577000,1903,520141,522044,30
577000,1938,407618,409556,23
577000,1970,410637,412607,23
577500,2073,549301,551374,30
577500,1926,341070,342996,19
577500,2002,359950,361952,20
577500,2234,361703,363937,20
577500,1924,461909,463833,26
578000,1927,395637,397564,22
578000,1926,392242,394168,22
578000,1948,393583,395531,22
578000,1926,553001,554927,31
578000,1926,460207,462133,26
578500,1935,521040,522975,29
578500,1933,408183,410116,22
578500,1953,398919,400872,22
578500,1933,493872,495805,28
578500,1978,384516,386494,21
579000,1967,363248,365215,21
579000,1917,334416,336333,19
579000,1902,424314,426216,23
579000,1983,391286,393269,22
579000,1946,392176,394122,22
579500,1934,325077,327011,18
579500,1934,428507,430441,24
579500,1958,439232,441190,24
579500,2141,484939,487080,27
579500,1935,322910,324845,18
580000,1933,413823,415756,23
580000,1942,405087,407029,23
580000,1933,456481,458414,26
580000,2374,406344,408718,22
580000,2355,521023,523378,28
580500,1934,488636,490570,28
580500,1943,430626,432569,23
580500,1901,511071,512972,29
580500,2146,455146,457292,25
580500,1939,414086,416025,23
581000,1949,412015,413964,23
581000,1946,401434,403380,22
581000,1916,432995,434911,24
581000,1990,394465,396455,22
581000,1936,391232,393168,22
581500,1938,496531,498469,28
581500,1939,552391,554330,30
581500,1951,480899,482850,27
581500,2061,391096,393157,22
581500,2451,410748,413199,22
582000,1974,447217,449191,25
582000,1940,497585,499525,27
582000,1940,374271,376211,21
582000,1943,377664,379607,21
582000,1906,442737,444643,25
582500,1957,393850,395807,22
582500,2010,396140,398150,22
582500,1968,406130,408098,23
582500,1943,477856,479799,27
582500,1922,452423,454345,25
583000,1946,452078,454024,25
583000,1943,423248,425191,24
583000,1931,503249,505180,28
583000,1979,395385,397364,22
583000,1959,378997,380956,21
583500,2249,379061,381310,21
583500,1946,427987,429933,24
583500,1948,475963,477911,26
583500,2007,463154,465161,26
583500,1949,429073,431022,24
584000,1949,450195,452144,25
584000,2233,515711,517944,28
584000,2069,464009,466078,25
584000,1949,455404,457353,25
584000,1980,401523,403503,22
584500,1983,359445,361428,20
584500,2093,412658,414751,23
584500,2074,417524,419598,23
584500,1988,488619,490607,27
584500,1967,469796,471763,26
585000,1957,378413,380370,21
585000,1950,389386,391336,21
585000,1966,429140,431106,24
585000,2138,492671,494809,27
585000,2596,500335,502931,28
585500,1920,411876,413796,23
585500,1954,409819,411773,23
585500,1945,446822,448767,25
585500,1951,451682,453633,25
585500,2044,547725,549769,30
586000,2096,547403,549499,30
586000,2116,584323,586439,31
586000,1987,318798,320785,16
586000,1985,399405,401390,22
586000,2097,484652,486749,27
586500,2105,485844,487949,27
586500,2003,384315,386318,21
586500,1957,397790,399747,22
586500,1970,400333,402303,22
586500,1964,395735,397699,22
587000,1957,530129,532086,29
587000,1956,459618,461574,25
587000,1957,486848,488805,27
587000,1990,413147,415137,23
587000,1959,408138,410097,23
587500,2316,440708,443024,24
587500,1973,436914,438887,24
587500,1957,341463,343420,19
587500,1958,345238,347196,19
587500,1959,346309,348268,19
588000,1960,476277,478237,26
588000,1984,506792,508776,26
588000,1971,430886,432857,24
588000,1981,381090,383071,21
588000,1963,399662,401625,22
588500,1929,389287,391216,22
588500,1961,435101,437062,24
588500,1969,533766,535735,29
588500,2207,529716,531923,29
588500,2059,364242,366301,20
589000,2014,365424,367438,20
589000,1979,453562,455541,25
589000,1997,403675,405672,22
589000,2007,561849,563856,31
589000,2103,565588,567691,31
589500,1962,435884,437846,24
589500,2091,562908,564999,31
589500,1980,381452,383432,21
589500,2010,434836,436846,24
589500,1965,440606,442571,24
590000,1935,566847,568782,31
590000,1966,466927,468893,25
590000,1966,487450,489416,27
590000,2853,504579,507432,27
590000,2151,442551,444702,24
590500,1967,437137,439104,24
590500,1972,459150,461122,25
590500,1968,400439,402407,22
590500,1970,529006,530976,29
590500,1983,526017,528000,29
591000,2299,368030,370329,20
591000,2206,402651,404857,22
591000,1978,398841,400819,22
591000,1974,410088,412062,22
591000,1989,481884,483873,26
591500,1973,470156,472129,26
591500,2032,467459,469491,25
591500,1973,402518,404491,22
591500,1986,398616,400602,22
591500,1985,438047,440032,24
592000,1973,423068,425041,23
592000,2026,399376,401402,22
592000,1996,403602,405598,22
592000,1980,485021,487001,27
592000,1973,478072,480045,25
592500,1942,522297,524239,25
592500,1989,469115,471104,25
592500,1978,403089,405067,22
592500,1980,448814,450794,25
592500,2199,436232,438431,24
593000,2135,578426,580561,31
593000,1990,569707,571697,31
593000,1981,488041,490022,26
593000,3910,480091,484001,26
593000,1976,417784,419760,23
593500,2010,491849,493859,27
593500,1982,529879,531861,28
593500,1982,509770,511752,28
593500,1949,426891,428840,23
593500,1947,394297,396244,22
594000,1942,449863,451805,25
594000,2367,471463,473830,25
594000,2114,325616,327730,18
594000,1998,457345,459343,25
594000,1981,550045,552026,31
594500,1984,367566,369550,20
594500,1982,362207,364189,20
594500,1984,492169,494153,27
594500,1960,487070,489030,27
594500,1968,483359,485327,26
595000,1964,473116,475080,26
595000,1985,474591,476576,25
595000,1986,461907,463893,25
595000,1985,489105,491090,27
595000,2161,424170,426331,23
595500,1985,420246,422231,23
595500,1991,378686,380677,21
595500,1952,365031,366983,20
595500,1968,512071,514039,28
595500,1968,517562,519530,28
596000,1979,423831,425810,23
596000,2351,465673,468024,25
596000,2025,437421,439446,24
596000,1987,349159,351146,19
596000,1991,355417,357408,19
596500,1962,504658,506620,28
596500,2065,510031,512096,27
596500,2053,437685,439738,24
596500,1991,448183,450174,24
596500,1992,384537,386529,20
597000,1994,418705,420699,23
597000,1957,432704,434661,24
597000,1997,447795,449792,24
597000,1989,425349,427338,23
597000,1991,447036,449027,24
597500,1991,468641,470632,25
597500,2004,462793,464797,25
597500,1991,456096,458087,24
597500,2004,490971,492975,26
597500,2076,446711,448787,24
598000,1993,394250,396243,21
598000,1998,392795,394793,21
598000,2003,571960,573963,30
598000,1997,387665,389662,21
598000,2004,371921,373925,20
598500,2465,374653,377118,20
598500,1995,458999,460994,25
598500,1995,350051,352046,19
598500,2010,418582,420592,23
598500,2414,436913,439327,23
599000,1996,412210,414206,22
599000,1996,458479,460475,25
599000,2506,639660,642166,34
599000,1997,358509,360506,19
599000,1996,355507,357503,19
599500,1998,459790,461788,25
599500,2001,541987,543988,29
599500,2013,606080,608093,33
599500,2040,488148,490188,26
599500,2010,476345,478355,26
600000,2015,321585,323600,18
600000,1977,313119,315096,17
600000,2231,444931,447162,24
600000,1999,449943,451942,24
600000,2004,478138,480142,25
600500,2007,410429,412436,22
600500,2096,396170,398266,21
600500,2400,403826,406226,21
600500,1982,488211,490193,27
600500,1979,435531,437510,24
601000,1990,361406,363396,20
601000,2012,567902,569914,30
601000,1971,569555,571526,30
601000,1982,390082,392064,21
601000,2092,534423,536515,29
601500,2011,446613,448624,24
601500,2124,431800,433924,23
601500,2230,526289,528519,28
601500,2019,524073,526092,28
601500,2008,420490,422498,23
602000,2006,452304,454310,24
602000,2072,387826,389898,21
602000,1976,398722,400698,21
602000,2029,523201,525230,28
602000,2015,421650,423665,23
602500,2152,454567,456719,24
602500,2038,502079,504117,26
602500,2054,480151,482205,26
602500,2012,468078,470090,25
602500,2107,474836,476943,26
603000,2151,575087,577238,31
603000,2011,438973,440984,23
603000,2019,464681,466700,25
603000,2009,476034,478043,25
603000,1979,379965,381944,20
603500,2024,353354,355378,19
603500,2011,490329,492340,26
603500,2011,489387,491398,26
603500,2026,503157,505183,27
603500,2049,355723,357772,19
604000,2289,502752,505041,27
604000,2013,604409,606422,32
604000,2016,430466,432482,23
604000,2144,439693,441837,23
604000,2047,379815,381862,19
604500,1993,468945,470938,25
604500,2028,425948,427976,23
604500,2033,433738,435771,23
604500,2017,369209,371226,20
604500,2023,405802,407825,22
605000,2111,415580,417691,22
605000,2016,407951,409967,22
605000,2017,485594,487611,26
605000,2030,488408,490438,26
605000,2019,504790,506809,27
605500,2098,533248,535346,28
605500,1996,528348,530344,28
605500,2100,371041,373141,20
605500,2059,549920,551979,29
605500,2071,450676,452747,24
606000,2044,563401,565445,30
606000,2024,455880,457904,24
606000,2207,450823,453030,24
606000,2079,453061,455140,24
606000,2019,472580,474599,25
606500,2024,482088,484112,26
606500,2095,498319,500414,26
606500,2021,475290,477311,26
606500,2255,538948,541203,29
606500,2021,390808,392829,21
607000,2003,512410,514413,28
607000,2000,449423,451423,24
607000,2017,456116,458133,24
607000,2036,303149,305185,16
607000,2372,429720,432092,23
607500,2002,420170,422172,23
607500,2019,446274,448293,23
607500,2264,493418,495682,26
607500,2029,471045,473074,25
607500,2058,524809,526867,28
608000,2068,486625,488693,26
608000,2047,497365,499412,26
608000,2077,489402,491479,26
608000,2037,610628,612665,32
608000,1996,488553,490549,26
608500,2153,306007,308160,16
608500,2207,300416,302623,16
608500,2124,407394,409518,22
608500,2005,337997,340002,18
608500,1994,378949,380943,21
609000,2010,384352,386362,21
609000,2012,469710,471722,25
609000,2035,447430,449465,24
609000,2014,531449,533463,28
609000,2031,532498,534529,28
609500,2032,375404,377436,20
609500,2109,410137,412246,21
609500,2044,479421,481465,25
609500,2034,467010,469044,25
609500,2035,472797,474832,25
610000,2114,421111,423225,22
610000,2034,490827,492861,26
610000,2178,445366,447544,24
610000,2032,499055,501087,26
610000,2012,486570,488582,26
610500,2058,485599,487657,26
610500,2061,530011,532072,28
610500,2042,586058,588100,31
610500,2214,356399,358613,19
610500,2037,527453,529490,28
611000,2015,547850,549865,28
611000,2003,451856,453859,24
611000,2039,328829,330868,18
611000,2062,453183,455245,24
611000,2043,414696,416739,22
611500,2188,413353,415541,22
611500,2038,416646,418684,22
611500,2039,573327,575366,30
611500,2189,530823,533012,28
611500,2039,578689,580728,31
612000,2171,477588,479759,25
612000,2040,483707,485747,25
612000,2067,457001,459068,24
612000,2083,475176,477259,25
612000,2152,415000,417152,22
612500,2055,446301,448356,24
612500,2088,463083,465171,24
612500,2041,445116,447157,24
612500,2041,398674,400715,21
612500,2047,495202,497249,26
613000,2043,509838,511881,27
613000,2043,513589,515632,27
613000,2049,466133,468182,25
613000,2015,409493,411508,22
613000,2035,529959,531994,28
613500,2145,493764,495909,26
613500,2046,496177,498223,26
613500,2138,402431,404569,21
613500,2046,509000,511046,27
613500,2116,434179,436295,23
614000,2047,433813,435860,23
614000,2046,444505,446551,23
614000,2049,412265,414314,22
614000,2065,539036,541101,28
614000,2046,411760,413806,22
614500,2335,495506,497841,26
614500,2050,496228,498278,26
614500,2147,434285,436432,23
614500,2097,514841,516938,27
614500,2048,496105,498153,26
615000,2049,547471,549520,29
615000,2055,356215,358270,19
615000,2093,354514,356607,19
615000,2106,470994,473100,24
615000,2100,414155,416255,22
615500,2053,452233,454286,24
615500,2100,471268,473368,24
615500,2055,488394,490449,26
615500,2060,456661,458721,24
615500,2064,437939,440003,23
616000,2056,498882,500938,26
616000,2803,520560,523363,26
616000,2045,551508,553553,29
616000,2135,309612,311747,16
616000,2087,415414,417501,22
616500,2145,414568,416713,22
616500,2054,415634,417688,22
616500,2063,660627,662690,35
616500,2062,474970,477032,25
616500,2054,403497,405551,21
617000,2040,441403,443443,23
617000,2076,502883,504959,26
617000,2056,486198,488254,26
617000,2075,415807,417882,22
617000,2055,533213,535268,28
617500,2061,524957,527018,28
617500,2219,506871,509090,26
617500,2074,495225,497299,26
617500,2276,511773,514049,26
617500,2062,446585,448647,23
618000,2060,482288,484348,25
618000,2075,537960,540035,27
618000,2269,449516,451785,24
618000,2049,461775,463824,24
618000,2061,543741,545802,28
618500,2101,422993,425094,22
618500,2061,537942,540003,28
618500,2050,392072,394122,21
618500,2042,489463,491505,26
618500,2042,499261,501303,26
619000,2147,490552,492699,25
619000,2063,560992,563055,29
619000,2852,521959,524811,27
619000,2206,437379,439585,23
619000,2085,468014,470099,24
619500,2330,458187,460517,24
619500,2101,555146,557247,28
619500,2065,566360,568425,29
619500,2085,390301,392386,20
619500,2071,522278,524349,27
620000,2066,453075,455141,24
620000,2066,459293,461359,24
620000,2307,483040,485347,25
620000,2087,507211,509298,27
620000,2357,440643,443000,23
620500,2069,517584,519653,27
620500,2071,471990,474061,24
620500,2085,461688,463773,24
620500,2068,499681,501749,26
620500,2103,464473,466576,24
621000,2109,447180,449289,23
621000,2074,325930,328004,17
621000,2217,331115,333332,17
621000,2172,516485,518657,27
621000,2070,439102,441172,23
621500,2071,502005,504076,26
621500,2071,463161,465232,23
621500,2095,433525,435620,23
621500,2075,575456,577531,30
621500,2617,466712,469329,24
622000,2077,390208,392285,20
622000,2072,380443,382515,20
622000,2136,384896,387032,20
622000,2073,419273,421346,22
622000,2074,656323,658397,33
622500,2077,465401,467478,24
622500,2193,537824,540017,28
622500,2090,533131,535221,28
622500,2076,353470,355546,18
622500,2174,379194,381368,20
623000,2083,363671,365754,19
623000,2090,368853,370943,19
623000,2082,483532,485614,25
623000,2106,387608,389714,20
623000,2289,484398,486687,25
623500,2081,365460,367541,19
623500,2079,366219,368298,19
623500,2099,529189,531288,26
623500,2091,328034,330125,17
623500,2111,501832,503943,26
624000,2080,504343,506423,26
624000,2081,478059,480140,24
624000,2106,482948,485054,25
624000,2271,465970,468241,24
624000,2295,466263,468558,24
624500,2085,517247,519332,27
624500,2110,519665,521775,27
624500,2090,504388,506478,26
624500,2093,451021,453114,24
624500,2186,344763,346949,18
625000,2056,476109,478165,24
625000,2075,469060,471135,24
625000,2108,435793,437901,23
625000,2123,385633,387756,20
625000,2263,479871,482134,25
625500,2087,546752,548839,28
625500,2051,561222,563273,28
625500,2085,592510,594595,30
625500,2088,425184,427272,22
625500,2087,520639,522726,27
626000,2090,584829,586919,30
626000,2099,373410,375509,19
626000,2120,482784,484904,25
626000,2136,478184,480320,25
626000,2100,504762,506862,26
626500,2087,447398,449485,23
626500,2102,402392,404494,21
626500,2092,524862,526954,27
626500,2167,405487,407654,21
626500,2088,408888,410976,21
627000,2099,425808,427907,22
627000,2091,529005,531096,27
627000,2089,481144,483233,25
627000,2070,495402,497472,25
627000,2366,513172,515538,26
627500,2339,424568,426907,21
627500,2069,568178,570247,28
627500,2622,461479,464101,24
627500,2111,560340,562451,29
627500,2097,540700,542797,28
628000,2093,535700,537793,28
628000,2068,536860,538928,25
628000,2070,428077,430147,22
628000,2114,570020,572134,29
628000,2075,469153,471228,25
628500,2097,470461,472558,24
628500,2105,674535,676640,34
628500,2099,312827,314926,16
628500,2100,310558,312658,16
628500,2119,567785,569904,29
629000,2231,560889,563120,29
629000,2112,514761,516873,27
629000,2063,400629,402692,20
629000,2127,392392,394519,20
629000,2075,468520,470595,25
629500,2117,465924,468041,24
629500,2103,464363,466466,23
629500,2075,446148,448223,23
629500,2063,437128,439191,23
629500,2084,406585,408669,21
630000,2205,432969,435174,22
630000,2076,503395,505471,24
630000,2076,399885,401961,21
630000,2101,394237,396338,21
630000,2106,474319,476425,24
630500,2106,402792,404898,21
630500,2101,594043,596144,30
630500,2186,493917,496103,25
630500,2108,482697,484805,25
630500,2258,368960,371218,19
631000,2132,503152,505284,26
631000,2080,405807,407887,21
631000,2173,533585,535758,26
631000,2605,553979,556584,27
631000,2105,541174,543279,27
631500,2106,470922,473028,24
631500,2110,389377,391487,20
631500,2151,560020,562171,28
631500,2107,592327,594434,30
631500,2149,471764,473913,24
632000,2329,438272,440601,22
632000,2121,511321,513442,22
632000,2279,503657,505936,25
632000,3115,507255,510370,26
632000,2113,461668,463781,22
632500,2110,396922,399032,20
632500,2108,427095,429203,22
632500,2137,428878,431015,22
632500,2112,423315,425427,21
632500,2108,533997,536105,27
633000,2157,422971,425128,21
633000,2137,570845,572982,27
633000,2957,513903,516860,26
633000,2110,501125,503235,26
633000,2112,532076,534188,27
633500,2111,291613,293724,15
633500,2111,510042,512153,26
633500,2388,519759,522147,25
633500,2094,440840,442934,22
633500,2146,430928,433074,22
634000,2131,335289,337420,17
634000,2176,388704,390880,20
634000,2100,497376,499476,26
634000,2117,504579,506696,26
634000,2069,429569,431638,22
634500,2106,629279,631385,29
634500,2806,497275,500081,24
634500,2324,447861,450185,23
634500,2164,530356,532520,27
634500,2120,508506,510626,26
635000,2120,570950,573070,28
635000,2102,552545,554647,28
635000,2164,471477,473641,24
635000,2309,375858,378167,19
635000,2120,455684,457804,23
635500,2462,526504,528966,27
635500,2118,511541,513659,25
635500,2120,498452,500572,25
635500,2118,445502,447620,23
635500,2096,463588,465684,24
636000,2161,522280,524441,26
636000,2227,400750,402977,18
636000,2097,497150,499247,25
636000,2126,481459,483585,25
636000,2148,638730,640878,31
636500,2095,497546,499641,25
636500,2120,518796,520916,26
636500,2135,451693,453828,23
636500,2103,460094,462197,24
636500,2148,510586,512734,26
637000,2147,608283,610430,31
637000,2242,531785,534027,27
637000,2133,556176,558309,28
637000,2129,457047,459176,23
637000,2134,455961,458095,23
637500,2125,481299,483424,24
637500,2136,519918,522054,25
637500,2396,438195,440591,22
637500,2139,437666,439805,22
637500,2270,455733,458003,23
638000,2129,449951,452080,23
638000,2138,579430,581568,28
638000,2921,507567,510488,25
638000,2126,564927,567053,29
638000,2127,414409,416536,21
638500,2162,471114,473276,24
638500,2277,515602,517879,24
638500,2115,500382,502497,25
638500,2237,488158,490395,25
638500,2142,612145,614287,30
639000,2111,513366,515477,25
639000,3085,513603,516688,25
639000,2130,408292,410422,21
639000,2146,557710,559856,27
639000,2436,536750,539186,27
639500,2140,438839,440979,23
639500,2188,648512,650700,32
639500,2119,614464,616583,31
639500,2105,487164,489269,25
639500,2219,387021,389240,20
640000,2099,579979,582078,28
640000,2133,606145,608278,30
640000,2142,530893,533035,27
640000,2227,534226,536453,27
640000,2183,350128,352311,18
640500,2134,435303,437437,22
640500,2113,457127,459240,22
640500,2202,558504,560706,28
640500,2149,582518,584667,29
640500,2134,457922,460056,23
641000,2129,440967,443096,23
641000,2131,457092,459223,23
641000,2129,525840,527969,26
641000,2161,493792,495953,24
641000,2155,518761,520916,26
641500,2138,428575,430713,22
641500,2166,450850,453016,22
641500,2140,485020,487160,24
641500,2277,430745,433022,22
641500,2518,538901,541419,27
642000,2218,483980,486198,24
642000,2137,486975,489112,24
642000,3023,445137,448160,20
642000,2116,453295,455411,23
642000,2114,616098,618212,31
642500,2248,436955,439203,22
642500,2145,569290,571435,28
642500,2156,436633,438789,22
642500,2545,424456,427001,22
642500,2106,431377,433483,22
643000,2119,377192,379311,19
643000,2121,437419,439540,22
643000,2150,538366,540516,27
643000,2146,522338,524484,26
643000,2152,506807,508959,26
643500,2197,661700,663897,33
643500,2148,445946,448094,22
643500,2149,410224,412373,20
643500,2144,486355,488499,24
643500,2144,587128,589272,29
644000,2147,450720,452867,22
644000,2162,437995,440157,22
644000,2136,465211,467347,24
644000,2149,451430,453579,23
644000,2168,398992,401160,20
644500,3387,467086,470473,23
644500,2140,455001,457141,23
644500,2138,459573,461711,23
644500,2139,502992,505131,26
644500,2126,506578,508704,26
645000,2246,379693,381939,18
645000,2177,384099,386276,19
645000,2149,386613,388762,19
645000,2180,499308,501488,25
645000,2205,357867,360072,18
645500,2193,572577,574770,27
645500,2156,562416,564572,28
645500,2157,566306,568463,28
645500,2312,527936,530248,26
645500,2149,588385,590534,27
646000,2648,390297,392945,19
646000,2714,417657,420371,20
646000,2130,424792,426922,21
646000,2129,518929,521058,26
646000,2184,734009,736193,36
646500,2176,523389,525565,26
646500,2157,528903,531060,26
646500,3058,535346,538404,26
646500,2164,581071,583235,29
646500,2175,475728,477903,23
647000,2157,573242,575399,28
647000,2166,496166,498332,24
647000,2255,381251,383506,19
647000,2178,504652,506830,25
647000,2156,494944,497100,25
647500,2276,441074,443350,22
647500,2162,448182,450344,22
647500,2276,465879,468155,23
647500,2144,586534,588678,29
647500,2194,456648,458842,22
648000,2188,532673,534861,26
648000,2640,537290,539930,26
648000,2141,513790,515931,26
648000,2131,448948,451079,22
648000,2151,443652,445803,22
648500,2278,525223,527501,27
648500,2137,550117,552254,26
648500,2150,441543,443693,22
648500,2170,464991,467161,22
648500,2234,421247,423481,21
649000,2166,558502,560668,28
649000,2143,330007,332150,16
649000,2536,623550,626086,31
649000,2439,536687,539126,27
649000,2306,581832,584138,29
649500,2693,511443,514136,24
649500,2144,515792,517936,24
649500,2174,335937,338111,17
649500,2168,575614,577782,29
649500,2409,537188,539597,27
650000,2155,580795,582950,29
650000,2191,611990,614181,30
650000,2307,443977,446284,22
650000,2173,502726,504899,25
650000,2156,529856,532012,25
650500,2185,417285,419470,21
650500,2207,300497,302704,15
650500,2134,513942,516076,26
650500,2176,506164,508340,25
650500,2214,499601,501815,25
651000,2147,545899,548046,27
651000,2564,477321,479885,23
651000,2191,518817,521008,26
651000,2390,543390,545780,26
651000,2175,479151,481326,24
651500,2190,489022,491212,24
651500,2183,630893,633076,31
651500,2170,493791,495961,24
651500,2187,490390,492577,24
651500,2174,422521,424695,21
652000,2237,539776,542013,27
652000,2179,508446,510625,24
652000,2235,434159,436394,22
652000,2174,454817,456991,23
652000,2149,460121,462270,23
652500,2185,424786,426971,21
652500,2152,543993,546145,26
652500,2401,534468,536869,26
652500,2151,414995,417146,21
652500,2133,538958,541091,26
653000,2159,526384,528543,26
653000,2162,550022,552184,25
653000,2208,521711,523919,26
653000,2184,539851,542035,27
653000,2160,505461,507621,24
653500,2154,491240,493394,24
653500,2201,475976,478177,23
653500,2179,475414,477593,24
653500,2158,479753,481911,24
653500,2166,284148,286314,14
654000,2228,538430,540658,27
654000,2179,498605,500784,23
654000,2155,457180,459335,23
654000,2179,557884,560063,28
654000,2156,558226,560382,28
654500,2207,465467,467674,23
654500,2646,468061,470707,23
654500,2316,479524,481840,24
654500,2154,472301,474455,24
654500,2206,596596,598802,30
655000,2362,458219,460581,23
655000,2380,394228,396608,19
655000,2181,399392,401573,19
655000,2186,514596,516782,26
655000,2163,363294,365457,18
655500,2162,454033,456195,23
655500,2318,504062,506380,23
655500,2270,545422,547692,27
655500,2153,473790,475943,23
655500,2524,547024,549548,27
656000,2356,323547,325903,15
656000,2165,438619,440784,22
656000,2181,480917,483098,24
656000,2182,495816,497998,24
656000,2231,622887,625118,31
656500,2165,438768,440933,22
656500,2231,571314,573545,27
656500,2574,449150,451724,22
656500,2384,742473,744857,31
656500,2179,419399,421578,21
657000,2178,461570,463748,23
657000,2165,557184,559349,27
657000,2267,543787,546054,27
657000,2152,541980,544132,27
657000,2431,519891,522322,26
657500,2169,512836,515005,26
657500,2380,600655,603035,28
657500,2186,598960,601146,23
657500,2691,494422,497113,23
657500,2211,706256,708467,30
658000,2696,441603,444299,21
658000,2706,612690,615396,30
658000,2169,497023,499192,24
658000,2217,495153,497370,24
658000,2170,502543,504713,24
658500,3438,531564,535002,24
658500,2194,521058,523252,25
658500,2194,432204,434398,21
658500,2756,456557,459313,22
658500,2252,588594,590846,29
659000,2173,545829,548002,27
659000,2183,544083,546266,27
659000,2174,421351,423525,21
659000,2196,426409,428605,21
659000,2175,333640,335815,16
659500,2748,475548,478296,23
659500,2333,579135,581468,28
659500,2189,570119,572308,28
659500,2190,528478,530668,26
659500,2295,527487,529782,26
660000,2237,498824,501061,25
660000,2245,492883,495128,23
660000,2226,466278,468504,23
660000,2221,561355,563576,28
660000,2207,439047,441254,22
660500,2191,520585,522776,26
660500,2178,572078,574256,28
660500,2494,588367,590861,28
660500,2168,443316,445484,22
660500,2248,550747,552995,27
661000,2203,467547,469750,23
661000,2245,555458,557703,27
661000,2178,463298,465476,23
661000,2223,374926,377149,19
661000,2195,380683,382878,19
661500,2191,626424,628615,31
661500,2203,511301,513504,25
661500,2196,428106,430302,21
661500,2183,485348,487531,24
661500,2170,545178,547348,27
662000,2206,550067,552273,27
662000,2234,548491,550725,26
662000,2201,528305,530506,26
662000,2194,612586,614780,30
662000,2191,480251,482442,24
662500,2203,500669,502872,25
662500,2220,512419,514639,25
662500,2264,646572,648836,32
662500,2187,463051,465238,23
662500,2218,581379,583597,27
663000,2187,451129,453316,22
663000,2234,468595,470829,22
663000,2198,453818,456016,22
663000,2209,474386,476595,23
663000,2197,497487,499684,24
663500,2566,489155,491721,20
663500,2193,650144,652337,31
663500,2208,484118,486326,23
663500,2233,524091,526324,22
663500,2719,701258,703977,30
664000,2188,338850,341038,16
664000,2213,337792,340005,16
664000,2219,482167,484386,24
664000,2723,442576,445299,22
664000,2220,449423,451643,22
664500,2178,554422,556600,27
664500,2189,548626,550815,26
664500,2202,543126,545328,26
664500,2264,568793,571057,28
664500,2202,422496,424698,21
665000,2261,548766,551027,26
665000,2172,512515,514687,25
665000,2219,556481,558700,25
665000,2201,578397,580598,28
665000,2212,548909,551121,27
665500,2215,573143,575358,28
665500,2237,423227,425464,20
665500,3564,441411,444975,20
665500,2300,643075,645375,27
665500,2241,455504,457745,21
666000,2195,608351,610546,30
666000,2215,386997,389212,18
666000,2230,554277,556507,27
666000,2238,569154,571392,28
666000,2206,407131,409337,19
666500,2205,389266,391471,19
666500,2359,565937,568296,27
666500,2240,553337,555577,27
666500,2221,479565,481786,23
666500,2298,618684,620982,30
667000,2254,413242,415496,20
667000,2222,451133,453355,21
667000,2228,514464,516692,25
667000,2238,451175,453413,22
667000,2475,450267,452742,22
667500,2216,499881,502097,25
667500,2231,437670,439901,21
667500,2674,432126,434800,21
667500,2235,514223,516458,25
667500,2241,556999,559240,27
668000,2258,542669,544927,27
668000,2232,589056,591288,28
668000,2216,443527,445743,21
668000,2217,512601,514818,25
668000,2203,448620,450823,22
668500,2202,552311,554513,27
668500,2257,561240,563497,27
668500,2631,552545,555176,27
668500,2302,439446,441748,22
668500,2203,445630,447833,22
669000,2373,414582,416955,20
669000,2229,497344,499573,23
669000,2433,599284,601717,29
669000,2208,504815,507023,24
669000,2230,436328,438558,21
669500,2222,433004,435226,21
669500,2241,620321,622562,30
669500,2723,470907,473630,23
669500,2283,433795,436078,21
669500,2206,544786,546992,27
670000,2221,383368,385589,19
670000,2203,445798,448001,22
670000,2220,450111,452331,22
670000,2418,539021,541439,26
670000,2272,554774,557046,27
670500,2234,510180,512414,25
670500,2234,564974,567208,27
670500,2258,467651,469909,22
670500,2246,578604,580850,28
670500,2245,487683,489928,24
671000,2213,454058,456271,20
671000,2515,417565,420080,20
671000,2394,560412,562806,27
671000,2236,459430,461666,23
671000,2217,390722,392939,19
671500,2213,453666,455879,22
671500,2263,465184,467447,22
671500,2246,454499,456745,22
671500,2208,533821,536029,25
671500,2240,549917,552157,27
672000,2258,502927,505185,24
672000,2253,476282,478535,22
672000,2255,533646,535901,26
672000,2237,433224,435461,21
672000,2224,441775,443999,21
672500,2277,471266,473543,23
672500,2240,535721,537961,25
672500,2228,638166,640394,30
672500,2195,480417,482612,23
672500,2246,520328,522574,25
673000,2293,505684,507977,25
673000,2280,538947,541227,25
673000,2253,506761,509014,25
673000,2242,504603,506845,25
673000,2261,596742,599003,28
673500,2220,406465,408685,20
673500,2259,479768,482027,23
673500,2252,470913,473165,23
673500,2287,652820,655107,31
673500,2257,518363,520620,25
674000,2210,517031,519241,25
674000,2240,577879,580119,26
674000,2255,510563,512818,24
674000,2259,476870,479129,23
674000,2255,416061,418316,20
674500,2259,409822,412081,19
674500,2769,545868,548637,21
674500,2223,475302,477525,23
674500,2271,473218,475489,23
674500,2246,459475,461721,22
675000,2234,508467,510701,24
675000,2257,512925,515182,24
675000,2263,488543,490806,24
675000,2226,397713,399939,19
675000,2555,458331,460886,21
675500,2238,430217,432455,21
675500,2226,586037,588263,28
675500,2260,595507,597767,29
675500,2239,637978,640217,31
675500,2235,492026,494261,24
676000,2250,485794,488044,23
676000,2252,584885,587137,27
676000,2317,518473,520790,25
676000,2228,533038,535266,26
676000,2227,406912,409139,20
676500,2233,404010,406243,20
676500,2241,619739,621980,30
676500,2205,571407,573612,28
676500,2255,468824,471079,23
676500,2237,469655,471892,23
677000,2226,434685,436911,21
677000,2455,567916,570371,27
677000,2293,573587,575880,27
677000,2240,559213,561453,27
677000,2243,410119,412362,20
677500,2247,560817,563064,27
677500,2281,529570,531851,25
677500,2290,593271,595561,28
677500,2296,401700,403996,19
677500,2268,475462,477730,23
678000,2252,483419,485671,23
678000,2320,495167,497487,23
678000,2791,513831,516622,23
678000,2249,474138,476387,23
678000,2221,566339,568560,27
678500,2239,544703,546942,26
678500,2248,502319,504567,24
678500,2240,536799,539039,26
678500,2296,490213,492509,24
678500,2213,556435,558648,27
679000,2270,555976,558246,27
679000,2454,588798,591252,28
679000,2889,498439,501328,24
679000,2263,456239,458502,22
679000,2317,597869,600186,28
679500,2277,480749,483026,23
679500,2230,618836,621066,29
679500,2261,452126,454387,22
679500,2252,411860,414112,20
679500,2248,421152,423400,20
680000,2247,637691,639938,31
680000,2240,512928,515168,24
680000,2297,535821,538118,26
680000,2241,606370,608611,28
680000,2244,454210,456454,22
680500,2243,694589,696832,32
680500,2532,419894,422426,18
680500,2273,394332,396605,19
680500,2257,415537,417794,20
680500,2242,421553,423795,20
681000,2270,617742,620012,28
681000,2896,604635,607531,25
681000,2247,570904,573151,28
681000,2277,469791,472068,22
681000,2324,579618,581942,28
681500,4019,585838,589857,28
681500,2784,648031,650815,28
681500,2225,630280,632505,31
681500,2226,587147,589373,27
681500,2530,424018,426548,21
682000,2350,669658,672008,31
682000,2279,488229,490508,23
682000,2249,664234,666483,32
682000,2248,465546,467794,21
682000,2661,484355,487016,21
682500,2280,486475,488755,24
682500,2487,558474,560961,25
682500,2900,467973,470873,22
682500,2522,447032,449554,21
682500,2254,471163,473417,23
683000,2944,494636,497580,21
683000,2255,486556,488811,23
683000,2290,529753,532043,23
683000,2892,526093,528985,25
683000,2260,480285,482545,23
683500,2498,513462,515960,24
683500,2256,490250,492506,22
683500,2285,520390,522675,25
683500,2259,455424,457683,20
683500,2265,592714,594979,28
684000,2281,569662,571943,27
684000,2254,526905,529159,24
684000,2278,459379,461657,22
684000,2282,475739,478021,22
684000,2268,479793,482061,22
684500,2800,404339,407139,19
684500,2245,585319,587564,25
684500,2307,501596,503903,23
684500,2269,457431,459700,22
684500,2271,597312,599583,28
685000,2298,594348,596646,28
685000,2262,499935,502197,22
685000,2319,602048,604367,29
685000,2363,616700,619063,29
685000,2259,369594,371853,18
685500,2258,551694,553952,26
685500,2277,584635,586912,27
685500,2272,454988,457260,22
685500,2284,499526,501810,24
685500,2282,621997,624279,30
686000,2262,420423,422685,20
686000,2287,419230,421517,20
686000,2273,468108,470381,23
686000,2333,529750,532083,25
686000,2735,559115,561850,26
686500,2272,564941,567213,26
686500,2276,549938,552214,26
686500,2337,400630,402967,19
686500,2316,497157,499473,24
686500,2275,498984,501259,24
687000,2249,761729,763978,35
687000,2264,441048,443312,20
687000,2276,512640,514916,24
687000,2310,445828,448138,21
687000,2289,436476,438765,21
687500,2281,457273,459554,22
687500,2278,500576,502854,24
687500,2299,543253,545552,26
687500,2289,549144,551433,26
687500,2310,500464,502774,24
688000,2671,499756,502427,24
688000,2286,534666,536952,25
688000,2279,560533,562812,27
688000,2303,441649,443952,21
688000,2309,515511,517820,24
688500,2294,588925,591219,28
688500,2293,518317,520610,23
688500,2308,589796,592104,28
688500,2739,543808,546547,26
688500,2316,554409,556725,26
689000,2298,503084,505382,24
689000,2326,676006,678332,31
689000,2385,639384,641769,30
689000,2288,433119,435407,21
689000,2279,485276,487555,23
689500,2260,420965,423225,20
689500,2272,523379,525651,24
689500,2775,570481,573256,27
689500,2298,418495,420793,20
689500,2330,608078,610408,29
690000,2275,596531,598806,29
690000,2276,461240,463516,21
690000,2455,522838,525293,25
690000,2303,618428,620731,29
690000,2302,418224,420526,20
690500,2269,573220,575489,27
690500,2275,532126,534401,25
690500,2321,395980,398301,19
690500,2289,458087,460376,22
690500,2283,418919,421202,20
691000,2403,420257,422660,20
691000,2318,415663,417981,19
691000,2320,568146,570466,27
691000,2293,484045,486338,23
691000,2294,530232,532526,25
691500,2288,424185,426473,20
691500,2307,430257,432564,20
691500,2279,466432,468711,22
691500,2288,610531,612819,29
691500,2270,524503,526773,25
692000,2293,555302,557595,23
692000,2283,472344,474627,21
692000,2591,601103,603694,28
692000,2847,576026,578873,27
692000,2314,505969,508283,24
692500,2331,570220,572551,27
692500,2740,497801,500541,23
692500,2307,490881,493188,23
692500,2364,594600,596964,28
692500,2335,465286,467621,22
693000,2315,344841,347156,16
693000,2309,588976,591285,27
693000,2292,487340,489632,23
693000,2305,458170,460475,22
693000,2474,395782,398256,19
693500,2285,397573,399858,19
693500,2272,505051,507323,23
693500,2299,405457,407756,19
693500,2298,399233,401531,19
693500,2318,436463,438781,21
694000,2303,445712,448015,21
694000,2440,518995,521435,24
694000,2298,445166,447464,21
694000,2289,479011,481300,23
694000,2363,610057,612420,29
694500,2303,613197,615500,29
694500,2293,432268,434561,20
694500,2317,586946,589263,28
694500,2322,593778,596100,28
694500,2305,616530,618835,28
695000,2322,613711,616033,29
695000,2310,483591,485901,22
695000,2324,487737,490061,23
695000,2279,540414,542693,25
695000,2335,412298,414633,19
695500,2326,511700,514026,24
695500,2505,650755,653260,29
695500,2304,472104,474408,22
695500,2306,459055,461361,22
695500,2330,568684,571014,27
696000,2302,572450,574752,27
696000,3009,616709,619718,28
696000,2307,569226,571533,27
696000,2306,503057,505363,24
696000,2281,442598,444879,21
696500,2332,549403,551735,25
696500,2323,522642,524965,24
696500,2303,439310,441613,21
696500,2283,354910,357193,17
696500,2345,362662,365007,17
697000,2298,677024,679322,32
697000,2547,566427,568974,26
697000,2322,450237,452559,21
697000,2327,496889,499216,23
697000,2321,574927,577248,27
697500,2337,448009,450346,21
697500,2361,536003,538364,25
697500,2309,468572,470881,22
697500,2302,484629,486931,23
697500,2358,485123,487481,23
698000,2301,432163,434464,20
698000,2330,578674,581004,27
698000,2371,554873,557244,25
698000,2321,633143,635464,30
698000,2305,487711,490016,23
698500,2303,576579,578882,27
698500,2329,539624,541953,25
698500,2304,499005,501309,23
698500,2303,441197,443500,20
698500,2289,424261,426550,20
699000,2328,514518,516846,22
699000,2326,504539,506865,23
699000,2305,472871,475176,22
699000,2306,465325,467631,22
699000,2348,618563,620911,29
699500,2350,495472,497822,23
699500,2369,554299,556668,25
699500,2330,580192,582522,27
699500,2332,625193,627525,29
699500,2303,452763,455066,21
700000,5592,475560,481152,21
700000,2335,506958,509293,22
700000,2469,518157,520626,24
700000,2342,426224,428566,20
700000,2317,416916,419233,20
700500,2315,558862,561177,26
700500,2309,502664,504973,22
700500,2296,468283,470579,22
700500,2364,550078,552442,26
700500,2309,533825,536134,23
701000,2324,487730,490054,23
701000,2381,638761,641142,29
701000,2313,443466,445779,21
701000,2322,596363,598685,28
701000,2312,595427,597739,28
701500,2343,491497,493840,23
701500,2349,396822,399171,18
701500,2353,410146,412499,19
701500,2346,419674,422020,19
701500,2341,636402,638743,29
702000,2348,519789,522137,24
702000,2340,658854,661194,30
702000,2403,485271,487674,23
702000,2314,570373,572687,27
702000,2294,489916,492210,23
702500,2348,599673,602021,26
702500,2305,497478,499783,23
702500,2333,451911,454244,21
702500,2329,654459,656788,31
702500,2330,653294,655624,30
703000,2356,557940,560296,26
703000,2306,463103,465409,21
703000,2318,449070,451388,21
703000,2398,422048,424446,20
703000,2345,626814,629159,29
703500,2836,654604,657440,30
703500,2372,555347,557719,25
703500,2322,506837,509159,23
703500,2372,511370,513742,24
703500,2359,384634,386993,18
704000,2327,534275,536602,25
704000,2330,553512,555842,24
704000,2333,522228,524561,24
704000,2321,465972,468293,22
704000,2330,560253,562583,26
704500,2350,467283,469633,22
704500,2322,609596,611918,28
704500,2356,516039,518395,24
704500,2349,465782,468131,22
704500,2348,487201,489549,23
705000,2368,598801,601169,28
705000,2370,479173,481543,22
705000,2338,359731,362069,17
705000,2324,371360,373684,17
705000,2346,464406,466752,22
705500,2392,485224,487616,23
705500,2351,590943,593294,25
705500,6449,542784,549233,25
705500,2332,456616,458948,21
705500,2325,508856,511181,22
706000,2387,516264,518651,22
706000,2415,620182,622597,26
706000,2482,524053,526535,23
706000,2358,616526,618884,29
706000,2344,413491,415835,19
706500,2415,456161,458576,21
706500,2352,529129,531481,24
706500,2362,601926,604288,27
706500,2342,534403,536745,25
706500,2364,623710,626074,29
707000,2491,512009,514500,24
707000,2349,572514,574863,26
707000,2335,527943,530278,25
707000,2331,474562,476893,22
707000,2348,486527,488875,22
707500,2343,592062,594405,28
707500,2340,614869,617209,28
707500,2332,538942,541274,25
707500,2347,485519,487866,23
707500,2363,645772,648135,30
708000,2356,476613,478969,21
708000,2989,569050,572039,25
708000,2993,588421,591414,26
708000,3224,588739,591963,24
708000,2333,660575,662908,30
708500,2371,533113,535484,23
708500,2660,560349,563009,25
708500,2368,613688,616056,28
708500,2369,453508,455877,21
708500,2409,591587,593996,27
709000,2349,609221,611570,28
709000,2375,513373,515748,23
709000,2337,587716,590053,27
709000,2386,642644,645030,28
709000,2350,467538,469888,22
709500,2339,532686,535025,24
709500,2381,516032,518413,23
709500,2400,539680,542080,25
709500,2374,544494,546868,25
709500,2349,425459,427808,19
710000,2595,550065,552660,25
710000,2341,568902,571243,25
710000,2365,539907,542272,25
710000,2364,600204,602568,28
710000,2607,600576,603183,27
710500,2417,596999,599416,26
710500,2386,671561,673947,27
710500,2363,470478,472841,21
710500,2346,452657,455003,21
710500,2564,550785,553349,25
711000,2388,574046,576434,26
711000,3251,643960,647211,27
711000,2349,524444,526793,24
711000,2454,502804,505258,23
711000,2398,517878,520276,23
711500,2631,408968,411599,19
711500,2466,559285,561751,23
711500,2352,469002,471354,21
711500,2981,465957,468938,21
711500,2365,644039,646404,28
712000,2392,419776,422168,19
712000,2399,529217,531616,23
712000,2375,510326,512701,23
712000,2348,670367,672715,29
712000,2536,703580,706116,30
712500,2789,524569,527358,21
712500,2443,504839,507282,22
712500,2376,605894,608270,28
712500,2826,472552,475378,21
712500,2477,648081,650558,29
713000,2375,642821,645196,29
713000,2418,698155,700573,31
713000,2374,393148,395522,18
713000,2354,604240,606594,28
713000,2412,436180,438592,20
713500,2426,583542,585968,26
713500,2383,639793,642176,28
713500,2377,583779,586156,27
713500,2378,591466,593844,27
713500,2382,488494,490876,22
714000,2709,571308,574017,25
714000,2383,620264,622647,26
714000,2369,512557,514926,23
714000,2419,524496,526915,23
714000,2446,505542,507988,23
714500,2994,610124,613118,27
714500,2741,509432,512173,23
714500,2992,618049,621041,26
714500,2370,559185,561555,26
714500,2430,549283,551713,25
715000,2388,568478,570866,26
715000,2415,541274,543689,24
715000,2388,551853,554241,25
715000,2523,576314,578837,26
715000,2411,467402,469813,21
715500,2387,597016,599403,27
715500,2390,538499,540889,24
715500,2439,419126,421565,19
715500,2602,420660,423262,18
715500,2364,603787,606151,28
716000,2373,544385,546758,25
716000,2380,586752,589132,25
716000,2551,480572,483123,22
716000,2361,504071,506432,23
716000,2422,454678,457100,21
716500,2623,553358,555981,25
716500,2376,462847,465223,20
716500,2405,584314,586719,27
716500,2375,466790,469165,21
716500,2412,491745,494157,22
717000,2395,425553,427948,19
717000,2377,425541,427918,19
717000,2446,400995,403441,18
717000,2506,510270,512776,22
717000,2371,590091,592462,26
717500,2364,587910,590274,26
717500,2379,425081,427460,19
717500,2366,686047,688413,31
717500,2398,601947,604345,28
717500,2408,479238,481646,22
718000,2390,415053,417443,19
718000,2381,417338,419719,19
718000,2381,592540,594921,25
718000,2405,558667,561072,25
718000,2377,556026,558403,25
718500,2380,552795,555175,25
718500,2400,424580,426980,19
718500,2434,572752,575186,26
718500,2384,507179,509563,22
718500,2673,560510,563183,25
719000,2401,545348,547749,25
719000,2397,460063,462460,20
719000,2396,489726,492122,22
719000,2381,485297,487678,22
719000,4174,562528,566702,25
719500,2374,589133,591507,27
719500,2405,475728,478133,21
719500,2388,602307,604695,27
719500,2404,483753,486157,21
719500,2405,502409,504814,23
720000,2416,504522,506938,22
720000,2379,632143,634522,27
720000,2413,494805,497218,22
720000,2419,554998,557417,25
720000,2406,549858,552264,25
720500,2390,450247,452637,20
720500,2424,763712,766136,34
720500,2446,631230,633676,28
720500,2400,579265,581665,26
720500,2374,629447,631821,27
721000,2391,486560,488951,21
721000,2437,595982,598419,26
721000,2389,614019,616408,28
721000,2388,508698,511086,23
721000,2388,534496,536884,24
721500,2393,438633,441026,20
721500,2406,451914,454320,20
721500,2411,462192,464603,21
721500,2384,527238,529622,24
721500,2403,465334,467737,21
722000,2449,573723,576172,26
722000,3015,511058,514073,22
722000,2379,550170,552549,25
722000,2534,554768,557302,25
722000,2413,544389,546802,24
722500,2413,664472,666885,27
722500,2382,531462,533844,24
722500,2394,528538,530932,24
722500,2414,498958,501372,23
722500,2368,518051,520419,23
723000,2568,463246,465814,21
723000,2409,462423,464832,20
723000,2395,687071,689466,31
723000,2469,458655,461124,21
723000,2382,561650,564032,25
723500,2385,551594,553979,25
723500,2421,480314,482735,20
723500,2359,545114,547473,25
723500,2402,433185,435587,20
723500,2406,596366,598772,27
724000,2385,560969,563354,25
724000,2466,680651,683117,29
724000,2431,439933,442364,20
724000,2399,442523,444922,20
724000,4514,473952,478466,21
724500,2422,565901,568323,25
724500,2388,638250,640638,28
724500,2468,572901,575369,26
724500,2449,425237,427686,19
724500,2397,470596,472993,21
725000,2405,608215,610620,27
725000,2375,577153,579528,25
725000,2391,491357,493748,22
725000,2418,520623,523041,23
725000,3052,527304,530356,24
725500,2406,537234,539640,24
725500,2414,568622,571036,24
725500,2405,393879,396284,18
725500,2673,470311,472984,21
725500,5773,586018,591791,24
726000,2416,552649,555065,25
726000,2394,373783,376177,16
726000,2411,731107,733518,33
726000,2408,460245,462653,21
726000,2427,558715,561142,25
726500,2394,450292,452686,20
726500,2410,740189,742599,31
726500,2623,493378,496001,22
726500,2411,442582,444993,20
726500,2431,488862,491293,22
727000,2425,487126,489551,22
727000,2409,650856,653265,28
727000,2424,496813,499237,22
727000,2429,552844,555273,25
727000,2535,532316,534851,23
727500,2412,461730,464142,21
727500,2408,544313,546721,24
727500,2435,533173,535608,24
727500,2421,596804,599225,27
727500,2458,504933,507391,23
728000,2460,510966,513426,23
728000,3154,647459,650613,28
728000,2394,557284,559678,25
728000,2437,510998,513435,23
728000,2401,564809,567210,26
728500,2414,460066,462480,21
728500,2443,479403,481846,21
728500,2428,493632,496060,22
728500,2452,532677,535129,24
728500,2411,648526,650937,28
729000,2484,464851,467335,21
729000,2468,612148,614616,27
729000,3046,686447,689493,27
729000,2415,574461,576876,26
729000,2429,531931,534360,24
729500,2391,591931,594322,26
729500,2415,472781,475196,21
729500,3568,493456,497024,22
729500,2405,567347,569752,25
729500,2392,578626,581018,26
730000,2428,456871,459299,20
730000,2426,542508,544934,24
730000,2406,522421,524827,23
730000,2420,599214,601634,27
730000,2412,471168,473580,21
730500,2410,476196,478606,21
730500,2422,492285,494707,21
730500,4221,567894,572115,25
730500,2436,461467,463903,21
730500,2419,431870,434289,19
731000,2407,592159,594566,26
731000,2435,639794,642229,28
731000,2438,629524,631962,27
731000,2408,491553,493961,22
731000,2421,641012,643433,29
731500,2413,548929,551342,25
731500,2438,603923,606361,26
731500,2422,570501,572923,25
731500,2424,725562,727986,32
731500,2399,419877,422276,19
732000,2484,476286,478770,21
732000,2433,468872,471305,20
732000,2434,591410,593844,26
732000,2424,581695,584119,26
732000,2427,728725,731152,32
732500,3005,582875,585880,23
732500,2439,649256,651695,28
732500,2415,566730,569145,25
732500,2478,528526,531004,24
732500,2471,569673,572144,26
733000,2417,499202,501619,22
733000,2426,502369,504795,22
733000,2419,445997,448416,20
733000,2447,603685,606132,27
733000,3087,591649,594736,26
733500,2431,563984,566415,25
733500,2420,507934,510354,22
733500,2856,536413,539269,23
733500,2425,586014,588439,26
733500,2441,532131,534572,24
734000,2437,585232,587669,26
734000,2422,524480,526902,22
734000,2419,448323,450742,20
734000,2793,586553,589346,26
734000,2421,621003,623424,28
734500,2564,470832,473396,21
734500,2578,446817,449395,19
734500,2426,434460,436886,19
734500,2454,596577,599031,27
734500,2514,578080,580594,26
735000,2445,465313,467758,21
735000,2439,641338,643777,28
735000,2531,677070,679601,30
735000,2450,745238,747688,33
735000,2408,492259,494667,22
735500,3099,594815,597914,26
735500,2404,632589,634993,27
735500,3014,517619,520633,20
735500,2468,460047,462515,20
735500,2460,709734,712194,31
736000,2502,520478,522980,23
736000,2476,527505,529981,22
736000,2815,519224,522039,23
736000,2456,533593,536049,24
736000,2436,485583,488019,22
736500,2609,585708,588317,26
736500,2427,502205,504632,21
736500,2495,572809,575304,25
736500,2686,547501,550187,24
736500,2454,454561,457015,20
737000,2462,559865,562327,25
737000,2415,484540,486955,21
737000,2431,565076,567507,25
737000,2433,445459,447892,20
737000,2447,491097,493544,20
737500,2457,596913,599370,25
737500,2427,490548,492975,20
737500,2450,466704,469154,21
737500,2451,534870,537321,24
737500,2430,487665,490095,22
738000,2441,448005,450446,20
738000,2522,523093,525615,22
738000,2489,580482,582971,25
738000,2431,516970,519401,23
738000,2449,424300,426749,19
738500,2439,433796,436235,19
738500,2533,653320,655853,29
738500,2450,627242,629692,27
738500,2655,431268,433923,19
738500,2747,662934,665681,29
739000,2449,639359,641808,26
739000,2466,688744,691210,30
739000,2433,666686,669119,29
739000,2568,552866,555434,24
739000,2499,500088,502587,22
739500,2437,504152,506589,22
739500,2446,592416,594862,26
739500,2443,557417,559860,25
739500,2682,573063,575745,25
739500,2506,522150,524656,22
740000,2578,601784,604362,27
740000,2440,633146,635586,26
740000,2487,503099,505586,22
740000,2520,553180,555700,24
740000,2445,429023,431468,19
740500,2440,546633,549073,23
740500,2439,602692,605131,26
740500,2407,568063,570470,25
740500,2486,593067,595553,26
740500,2440,481291,483731,21
741000,2547,756256,758803,33
741000,2453,690324,692777,29
741000,2442,429484,431926,19
741000,2442,627062,629504,28
741000,2469,614315,616784,27
741500,2476,671084,673560,30
741500,2512,553304,555816,24
741500,2457,470372,472829,20
741500,2439,463632,466071,20
741500,2443,610795,613238,27
742000,2461,615058,617519,27
742000,2535,450887,453422,19
742000,2488,741488,743976,29
742000,2517,660072,662589,29
742000,2474,715576,718050,31
742500,2486,539215,541701,24
742500,2446,600376,602822,26
742500,2465,410966,413431,18
742500,2474,565573,568047,24
742500,3314,387619,390933,17
743000,2475,452549,455024,20
743000,2455,474515,476970,20
743000,2451,560276,562727,25
743000,2631,515489,518120,23
743000,2517,519552,522069,23
743500,2713,585355,588068,25
743500,2466,650058,652524,28
743500,2459,455350,457809,20
743500,2477,658195,660672,29
743500,2496,566719,569215,25
744000,2952,575578,578530,25
744000,2469,562593,565062,23
744000,3165,583987,587152,25
744000,2491,539758,542249,24
744000,2465,663610,666075,29
744500,2444,707407,709851,31
744500,2457,578956,581413,25
744500,2467,703999,706466,30
744500,2470,474774,477244,21
744500,2440,492721,495161,22
745000,2458,592556,595014,26
745000,2492,579725,582217,25
745000,2504,522043,524547,23
745000,2458,582752,585210,24
745000,2455,575344,577799,22
745500,2464,609726,612190,27
745500,2482,540275,542757,23
745500,2458,558172,560630,24
745500,2508,472950,475458,21
745500,2474,657031,659505,28
746000,2471,495713,498184,22
746000,2462,666529,668991,29
746000,2458,536977,539435,24
746000,2462,794515,796977,35
746000,2549,585465,588014,26
746500,2480,540865,543345,23
746500,2482,506530,509012,22
746500,2496,517315,519811,23
746500,2472,520214,522686,23
746500,2448,554196,556644,24
747000,2464,531369,533833,24
747000,2477,538519,540996,23
747000,2491,621989,624480,27
747000,2490,551213,553703,24
747000,2498,553833,556331,24
747500,2511,636053,638564,28
747500,2491,426746,429237,18
747500,2481,416952,419433,18
747500,2772,536623,539395,23
747500,2499,611530,614029,26
748000,2494,666179,668673,29
748000,2494,544404,546898,23
748000,2505,617030,619535,27
748000,2486,661211,663697,29
748000,2504,496446,498950,22
748500,2529,611629,614158,27
748500,2435,585621,588056,25
748500,2537,663520,666057,29
748500,2518,661393,663911,29
748500,2481,552929,555410,24
749000,2495,532389,534884,23
749000,2482,491546,494028,21
749000,2847,593607,596454,26
749000,2506,529597,532103,23
749000,2465,682122,684587,29
749500,2470,593185,595655,25
749500,2470,600038,602508,25
749500,2543,594125,596668,26
749500,2483,661484,663967,29
749500,2471,504135,506606,22
750000,2502,538853,541355,23
750000,2504,746256,748760,32
750000,2504,568229,570733,25
750000,2544,686959,689503,30
750000,2500,570926,573426,25
750500,2500,476468,478968,21
750500,2501,496872,499373,21
750500,2814,482983,485797,20
750500,2502,534705,537207,23
750500,2474,550110,552584,24
751000,2494,588449,590943,25
751000,2475,578495,580970,24
751000,2463,636414,638877,28
751000,2924,533927,536851,22
751000,2511,578849,581360,25
751500,2475,535697,538172,23
751500,2478,496673,499151,21
751500,3113,856084,859197,33
751500,2498,536683,539181,23
751500,2515,559967,562482,24
752000,2516,510954,513470,22
752000,2544,551407,553951,23
752000,2509,590853,593362,26
752000,2556,555021,557577,24
752000,2717,506565,509282,22
752500,2734,563924,566658,24
752500,2506,449910,452416,19
752500,2479,527791,530270,23
752500,2495,529531,532026,23
752500,2554,414073,416627,18
753000,2536,418925,421461,18
753000,3141,582182,585323,24
753000,3075,630727,633802,27
753000,2482,595446,597928,26
753000,2719,472349,475068,21
753500,2505,534819,537324,23
753500,2499,407573,410072,17
753500,3206,556406,559612,24
753500,2525,638586,641111,27
753500,2471,530949,533420,23
754000,2500,420192,422692,18
754000,2470,582785,585255,25
754000,2503,707696,710199,30
754000,2486,597945,600431,25
754000,2481,757348,759829,33
754500,2871,537597,540468,24
754500,2454,515874,518328,22
754500,2513,488064,490577,21
754500,2516,456381,458897,20
754500,2558,579221,581779,24
755000,3346,494083,497429,20
755000,3012,518912,521924,20
755000,3018,580804,583822,25
755000,2640,552190,554830,24
755000,2495,529518,532013,23
755500,2492,601610,604102,26
755500,2496,635042,637538,27
755500,2499,487324,489823,21
755500,2517,465443,467960,20
755500,2489,466101,468590,20
756000,2589,481011,483600,21
756000,2866,411270,414136,17
756000,2541,386253,388794,16
756000,2520,516563,519083,22
756000,3135,655267,658402,28
756500,2505,671032,673537,28
756500,2522,551455,553977,23
756500,2492,659843,662335,28
756500,2507,460131,462638,20
756500,2506,500836,503342,21
757000,2495,633380,635875,26
757000,2562,547202,549764,22
757000,2496,607542,610038,26
757000,2886,608649,611535,26
757000,2525,649803,652328,28
757500,3326,434005,437331,18
757500,2525,567723,570248,24
757500,2553,434863,437416,19
757500,2504,324447,326951,14
757500,2513,323738,326251,14
758000,2532,486249,488781,21
758000,2516,590395,592911,25
758000,2513,504206,506719,20
758000,3150,602727,605877,26
758000,2575,560084,562659,24
758500,2613,470027,472640,20
758500,2500,610295,612795,26
758500,2505,495499,498004,21
758500,2538,479568,482106,21
758500,2513,485657,488170,21
759000,2484,466303,468787,19
759000,2495,630084,632579,26
759000,2516,682860,685376,30
759000,2568,621804,624372,27
759000,2541,720888,723429,31
759500,2532,468041,470573,20
759500,2566,572249,574815,24
759500,2731,419223,421954,18
759500,2504,482591,485095,20
759500,2548,454572,457120,20
760000,2508,505048,507556,20
760000,2533,520054,522587,22
760000,2532,610593,613125,26
760000,2532,650389,652921,28
760000,2502,609932,612434,26
760500,2573,676663,679236,29
760500,2536,617587,620123,26
760500,2547,524921,527468,23
760500,2521,527331,529852,23
760500,2514,577756,580270,25
761000,2521,640836,643357,27
761000,2521,501865,504386,22
761000,2521,500419,502940,21
761000,2508,575115,577623,25
761000,3107,705906,709013,29
761500,2495,546470,548965,23
761500,2593,510024,512617,21
761500,2909,661777,664686,29
761500,2537,555984,558521,24
761500,2510,446469,448979,19
762000,2569,667731,670300,29
762000,2521,479592,482113,20
762000,2526,673836,676362,29
762000,2542,490895,493437,21
762000,2540,608073,610613,26
762500,2542,504891,507433,21
762500,2582,577840,580422,24
762500,2550,485709,488259,21
762500,2530,649947,652477,26
762500,2531,746420,748951,32
763000,2507,579467,581974,25
763000,2689,425642,428331,18
763000,2553,653216,655769,27
763000,2592,468701,471293,20
763000,2543,489010,491553,21
763500,2579,688265,690844,29
763500,2537,457957,460494,19
763500,2529,512359,514888,22
763500,2542,621642,624184,27
763500,2531,637409,639940,27
764000,2685,578374,581059,25
764000,3382,530859,534241,22
764000,2517,574993,577510,24
764000,5142,478703,483845,20
764000,2519,631327,633846,27
764500,2539,526934,529473,22
764500,2555,601700,604255,24
764500,2539,550315,552854,23
764500,2540,531489,534029,23
764500,2518,465764,468282,20
765000,2517,563878,566395,24
765000,2550,529836,532386,22
765000,2564,561171,563735,24
765000,2583,511702,514285,22
765000,2550,532151,534701,23
765500,2561,528535,531096,23
765500,2517,649094,651611,27
765500,2497,597678,600175,25
765500,2566,497738,500304,21
765500,2532,538727,541259,23
766000,2606,629084,631690,27
766000,2536,519071,521607,22
766000,2537,623757,626294,27
766000,2552,621093,623645,26
766000,2558,634669,637227,27
766500,2517,606295,608812,26
766500,2553,492176,494729,21
766500,3218,592215,595433,25
766500,2632,536806,539438,23
766500,2555,528909,531464,22
767000,2602,638077,640679,27
767000,2543,551735,554278,23
767000,2554,572696,575250,24
767000,2518,598511,601029,25
767000,2557,609083,611640,26
767500,2533,499335,501868,20
767500,2614,584078,586692,24
767500,2565,571034,573599,23
767500,2590,502933,505523,21
767500,2545,489421,491966,21
768000,2562,519206,521768,22
768000,2548,616688,619236,26
768000,2606,479841,482447,20
768000,2570,716353,718923,31
768000,2517,514361,516878,22
768500,2720,566579,569299,24
768500,2546,508084,510630,21
768500,2549,563668,566217,24
768500,2569,542932,545501,23
768500,2547,741763,744310,30
769000,2519,547233,549752,23
769000,2561,578520,581081,24
769000,2563,544184,546747,23
769000,2562,704955,707517,29
769000,2665,585400,588065,25
769500,2569,515663,518232,22
769500,2563,465949,468512,19
769500,2716,636784,639500,27
769500,2614,577471,580085,24
769500,2798,593449,596247,25
770000,2572,671868,674440,28
770000,2567,585275,587842,24
770000,2564,570744,573308,24
770000,2565,610039,612604,26
770000,2565,626718,629283,26
770500,2605,479108,481713,20
770500,2635,477053,479688,20
770500,4194,472308,476502,20
770500,2591,623902,626493,26
770500,2564,558344,560908,23
771000,2568,397178,399746,17
771000,2579,575310,577889,24
771000,3057,524193,527250,22
771000,2574,680052,682626,29
771000,2570,524946,527516,22
771500,2527,576321,578848,24
771500,2614,503811,506425,20
771500,2650,613940,616590,26
771500,2571,523814,526385,22
771500,2607,521289,523896,22
772000,2575,492861,495436,20
772000,2572,576879,579451,24
772000,2571,652983,655554,28
772000,2557,481952,484509,21
772000,2516,557079,559595,22
772500,2571,562693,565264,24
772500,2561,550569,553130,23
772500,2574,500439,503013,21
772500,2533,519834,522367,22
772500,2807,626629,629436,24
773000,2562,655451,658013,25
773000,2586,573430,576016,23
773000,3118,535226,538344,22
773000,2554,665836,668390,24
773000,2546,527026,529572,22
773500,2596,548302,550898,23
773500,2622,770057,772679,32
773500,2587,610799,613386,25
773500,2580,351354,353934,15
773500,2836,616968,619804,26
774000,2618,548740,551358,22
774000,2549,731447,733996,30
774000,2551,695234,697785,29
774000,2594,474386,476980,20
774000,2611,609897,612508,26
774500,2579,580061,582640,25
774500,2551,529867,532418,22
774500,2600,638849,641449,26
774500,2590,507138,509728,21
774500,2558,601689,604247,25
775000,2814,524974,527788,22
775000,2587,538460,541047,22
775000,2525,589692,592217,25
775000,2541,508795,511336,21
775000,2590,500449,503039,21
775500,2582,591608,594190,25
775500,2816,695611,698427,29
775500,2541,611651,614192,26
775500,2570,548591,551161,23
775500,2720,517904,520624,22
776000,2935,574278,577213,23
776000,2587,470312,472899,18
776000,2609,539002,541611,21
776000,2699,540888,543587,21
776000,2557,625400,627957,24
776500,2978,559429,562407,23
776500,2558,630167,632725,25
776500,2565,504026,506591,20
776500,2591,643399,645990,27
776500,2593,530348,532941,22
777000,2669,501498,504167,21
777000,2595,617872,620467,23
777000,2560,379606,382166,16
777000,2594,541962,544556,23
777000,2549,515049,517598,22
777500,2602,609836,612438,26
777500,2929,629542,632471,26
777500,2626,595154,597780,25
777500,2687,482518,485205,20
777500,2591,531298,533889,22
778000,2548,353397,355945,15
778000,2591,632468,635059,26
778000,2574,584049,586623,25
778000,2602,572356,574958,24
778000,2641,647348,649989,27
778500,2593,638483,641076,27
778500,2593,530048,532641,22
778500,2593,647144,649737,27
778500,2580,555050,557630,24
778500,2594,601490,604084,25
779000,2573,602629,605202,26
779000,2566,665193,667759,27
779000,2633,520973,523606,22
779000,2569,542977,545546,21
779000,2579,522078,524657,22
779500,2601,562326,564927,23
779500,2632,619177,621809,25
779500,2608,547373,549981,23
779500,2754,525659,528413,22
779500,2688,755588,758276,31
780000,2598,431422,434020,18
780000,2616,691658,694274,28
780000,2658,506074,508732,21
780000,2623,671359,673982,28
780000,2598,389024,391622,16
780500,2637,635189,637826,25
780500,2630,614999,617629,25
780500,2608,523434,526042,22
780500,2882,583000,585882,24
780500,2587,453555,456142,19
781000,2581,468397,470978,20
781000,2976,525492,528468,21
781000,2586,515431,518017,21
781000,2576,471507,474083,20
781000,2573,653690,656263,28
781500,2567,601024,603591,25
781500,2617,441826,444443,18
781500,2882,483782,486664,20
781500,2584,547570,550154,23
781500,2590,527553,530143,22
782000,2632,521035,523667,22
782000,2596,653994,656590,27
782000,2585,638765,641350,27
782000,2636,497280,499916,20
782000,2537,468466,471003,20
782500,2580,615545,618125,26
782500,2585,505635,508220,20
782500,2584,499085,501669,21
782500,2646,615703,618349,26
782500,2581,694058,696639,28
783000,2618,543547,546165,23
783000,2620,514237,516857,21
783000,2581,499672,502253,21
783000,2853,640220,643073,27
783000,3285,705370,708655,26
783500,2601,617880,620481,25
783500,3082,471572,474654,19
783500,2583,454099,456682,19
783500,2597,616303,618900,26
783500,2593,750946,753539,31
784000,2625,465767,468392,19
784000,2583,481254,483837,19
784000,2609,726338,728947,30
784000,2586,619816,622402,26
784000,2612,572764,575376,24
784500,2628,574470,577098,20
784500,2572,813881,816453,33
784500,2630,554360,556990,23
784500,2612,631098,633710,26
784500,2592,564918,567510,24
785000,2587,548076,550663,23
785000,2668,687910,690578,28
785000,2602,649377,651979,26
785000,2571,722679,725250,31
785000,2589,728305,730894,29
785500,2659,624757,627416,26
785500,2613,451816,454429,18
785500,2705,692711,695416,29
785500,2842,515362,518204,20
785500,2623,503374,505997,21
786000,2623,566361,568984,24
786000,2561,522421,524982,21
786000,2615,653820,656435,27
786000,2595,527219,529814,22
786000,2599,622183,624782,23
786500,2593,590586,593179,24
786500,2636,605484,608120,25
786500,2699,591204,593903,24
786500,2620,621920,624540,26
786500,3031,711614,714645,29
787000,2610,629453,632063,26
787000,2589,487455,490044,19
787000,2592,486330,488922,20
787000,2622,600276,602898,25
787000,2625,519037,521662,22
787500,2630,511247,513877,21
787500,2707,478262,480969,19
787500,2596,463893,466489,19
787500,2591,643399,645990,26
787500,3095,630426,633521,26
788000,2655,553757,556412,23
788000,2612,590613,593225,23
788000,3074,534051,537125,22
788000,2652,562308,564960,22
788000,2596,664629,667225,26
788500,2631,602869,605500,25
788500,2698,569870,572568,23
788500,2691,680073,682764,28
788500,2706,579127,581833,24
788500,2671,481150,483821,20
789000,2640,434278,436918,18
789000,2640,524400,527040,21
789000,2630,666629,669259,27
789000,2987,628442,631429,26
789000,2737,674364,677101,25
789500,2631,606694,609325,23
789500,5020,611172,616192,22
789500,2639,615082,617721,25
789500,3978,551308,555286,20
789500,2633,532731,535364,21
790000,2610,507276,509886,21
790000,2619,730269,732888,30
790000,2634,590421,593055,23
790000,2795,573269,576064,23
790000,2614,576718,579332,21
790500,2652,660363,663015,27
790500,2717,478013,480730,18
790500,3044,547536,550580,22
790500,2639,534753,537392,22
790500,2666,457822,460488,19
791000,2635,647806,650441,26
791000,2684,577115,579799,23
791000,2594,431348,433942,18
791000,3699,606629,610328,25
791000,2802,526734,529536,22
791500,2654,636856,639510,26
791500,2626,664281,666907,26
791500,2865,529246,532111,22
791500,2628,533811,536439,22
791500,2625,490791,493416,20
792000,2630,651902,654532,27
792000,2629,644697,647326,26
792000,2625,547836,550461,22
792000,2844,603716,606560,25
792000,2644,630682,633326,26
792500,2790,549288,552078,21
792500,3250,657441,660691,25
792500,2631,616986,619617,25
792500,2646,588080,590726,24
792500,2643,508017,510660,21
793000,2644,673209,675853,28
793000,2627,613573,616200,25
793000,2669,467923,470592,19
793000,2713,559497,562210,23
793000,2654,666031,668685,27
793500,2647,574896,577543,24
793500,2616,559867,562483,22
793500,3254,694586,697840,27
793500,2632,641180,643812,22
793500,2615,448361,450976,19
794000,2678,581268,583946,24
794000,2604,425885,428489,17
794000,2660,607167,609827,25
794000,2618,599771,602389,25
794000,2610,538340,540950,22
794500,2647,552995,555642,23
794500,2628,520898,523526,20
794500,2677,464622,467299,19
794500,2648,650587,653235,27
794500,2850,491896,494746,20
795000,2613,556102,558715,23
795000,2729,576943,579672,23
795000,2656,703394,706050,29
795000,2650,412369,415019,17
795000,2626,621673,624299,26
795500,2600,549850,552450,23
795500,2631,611860,614491,23
795500,2698,536218,538916,22
795500,2622,545124,547746,22
795500,2608,578368,580976,24
796000,2876,496555,499431,20
796000,2654,640899,643553,26
796000,2623,554516,557139,23
796000,2610,603003,605613,23
796000,2702,586932,589634,24
796500,2694,517544,520238,21
796500,2929,436275,439204,17
796500,2615,575435,578050,24
796500,2670,637445,640115,26
796500,3065,668501,671566,27
797000,2722,687513,690235,27
797000,2629,667222,669851,23
797000,2647,698014,700661,25
797000,3695,599616,603311,24
797000,2731,490724,493455,20
797500,2629,642807,645436,26
797500,2681,501132,503813,20
797500,2738,630491,633229,25
797500,2679,579246,581925,22
797500,2821,673733,676554,27
798000,2676,436338,439014,18
798000,3249,633630,636879,25
798000,2674,442071,444745,18
798000,3294,640530,643824,24
798000,2673,530941,533614,22
798500,2669,420033,422702,17
798500,2681,694201,696882,25
798500,2716,469464,472180,18
798500,2662,482964,485626,19
798500,2773,761642,764415,30
799000,2650,649630,652280,24
799000,2669,729505,732174,29
799000,2606,541774,544380,22
799000,2670,746192,748862,30
799000,2663,348166,350829,14
799500,2788,632729,635517,26
799500,2665,702000,704665,27
799500,2664,583952,586616,24
799500,2666,534961,537627,22
799500,2722,687513,690235,28
800000,2646,576496,579142,23
800000,2644,476577,479221,19
800000,2652,715170,717822,28
800000,2638,537687,540325,22
800000,2638,627124,629762,25
800500,2739,691178,693917,28
800500,2675,661986,664661,26
800500,2656,546617,549273,22
800500,2668,693814,696482,28
800500,2670,585400,588070,24
801000,2694,614578,617272,25
801000,2672,524381,527053,21
801000,2657,503850,506507,20
801000,2672,640669,643341,25
801000,2720,416239,418959,17
801500,2694,542821,545515,22
801500,2755,556329,559084,22
801500,2663,613788,616451,25
801500,3501,705083,708584,29
801500,2649,486458,489107,19
802000,2670,566415,569085,23
802000,2629,593629,596258,24
802000,2644,582384,585028,24
802000,2652,706581,709233,29
802000,2684,740640,743324,30
802500,4992,490320,495312,20
802500,2645,510859,513504,20
802500,2657,479144,481801,20
802500,2659,611391,614050,25
802500,2783,593701,596484,24
803000,2675,716785,719460,29
803000,2670,718023,720693,29
803000,2638,627737,630375,25
803000,3399,570192,573591,23
803000,2661,506105,508766,21
803500,2669,483188,485857,20
803500,2675,747714,750389,29
803500,2755,631615,634370,26
803500,2683,415551,418234,17
803500,2660,559354,562014,23
804000,2727,564775,567502,21
804000,3258,681016,684274,26
804000,2721,560853,563574,22
804000,2701,747747,750448,30
804000,2773,730919,733692,28
804500,2924,502177,505101,20
804500,2687,591693,594380,23
804500,2723,695361,698084,26
804500,2680,635109,637789,23
804500,3240,838456,841696,31
805000,2678,563467,566145,23
805000,2652,579630,582282,23
805000,2674,680236,682910,27
805000,2811,708402,711213,29
805000,2652,616711,619363,25
805500,2907,537051,539958,22
805500,2671,725525,728196,29
805500,2920,578719,581639,23
805500,2755,643955,646710,26
805500,2672,570914,573586,23
806000,3018,616500,619518,24
806000,2676,720955,723631,28
806000,2655,540562,543217,22
806000,2659,599840,602499,24
806000,2690,492024,494714,20
806500,2670,625681,628351,26
806500,2986,648901,651887,26
806500,2665,565600,568265,23
806500,2773,619193,621966,25
806500,2696,629125,631821,25
807000,2647,634649,637296,26
807000,2714,582118,584832,23
807000,3060,547423,550483,22
807000,2740,638494,641234,26
807000,2677,540377,543054,22
807500,2660,670408,673068,24
807500,2671,582738,585409,23
807500,2688,659604,662292,27
807500,2670,611127,613797,24
807500,2680,695096,697776,28
808000,2637,752165,754802,30
808000,2682,511603,514285,20
808000,2663,599107,601770,24
808000,2740,680125,682865,27
808000,2905,448614,451519,18
808500,2682,678325,681007,27
808500,2806,557314,560120,21
808500,2665,470732,473397,19
808500,2680,648679,651359,26
808500,2661,522652,525313,20
809000,2655,542811,545466,22
809000,2692,576640,579332,22
809000,2920,570312,573232,22
809000,2665,597038,599703,24
809000,2681,643354,646035,26
809500,2697,646708,649405,26
809500,2684,651469,654153,25
809500,2712,531477,534189,21
809500,2713,511029,513742,20
809500,2684,585655,588339,24
810000,2924,647994,650918,26
810000,2670,476619,479289,19
810000,2658,472069,474727,19
810000,2718,634419,637137,25
810000,2699,648693,651392,26
810500,2746,523670,526416,21
810500,3320,747410,750730,28
810500,2650,617495,620145,25
810500,2714,558666,561380,23
810500,2670,732445,735115,29
811000,2714,717053,719767,29
811000,2705,505269,507974,20
811000,2738,519383,522121,21
811000,2667,515368,518035,21
811000,2673,596626,599299,23
811500,2716,743954,746670,30
811500,4248,586915,591163,23
811500,2908,526143,529051,21
811500,2705,682247,684952,27
811500,2702,660536,663238,26
812000,2711,751340,754051,30
812000,2678,586187,588865,23
812000,2868,575384,578252,23
812000,2712,615365,618077,25
812000,2706,570930,573636,23
812500,2721,563926,566647,22
812500,2708,633471,636179,25
812500,2741,590817,593558,24
812500,2705,653110,655815,26
812500,2687,551932,554619,22
813000,2677,694272,696949,28
813000,2695,729303,731998,27
813000,2680,523307,525987,21
813000,2696,474346,477042,19
813000,2679,468470,471149,19
813500,2744,646517,649261,26
813500,2680,602190,604870,23
813500,2693,519773,522466,21
813500,2696,528605,531301,21
813500,2696,492995,495691,20
814000,3426,536621,540047,20
814000,2907,576732,579639,23
814000,2702,564964,567666,22
814000,2767,608533,611300,24
814000,2685,601058,603743,24
814500,2700,705217,707917,28
814500,2699,564302,567001,22
814500,2700,556502,559202,22
814500,2758,599063,601821,24
814500,2707,663891,666598,27
815000,2684,565653,568337,22
815000,2699,767648,770347,30
815000,2739,640556,643295,25
815000,2702,725273,727975,29
815000,2743,563639,566382,22
815500,2697,653982,656679,26
815500,2703,654925,657628,25
815500,2690,562925,565615,23
815500,2730,638926,641656,26
815500,2701,547917,550618,22
816000,3409,687922,691331,27
816000,2691,542529,545220,21
816000,3424,666308,669732,27
816000,2767,585424,588191,23
816000,2709,616510,619219,22
816500,3421,544538,547959,21
816500,3573,620053,623626,24
816500,2728,469318,472046,19
816500,2721,735763,738484,29
816500,3173,666427,669600,25
817000,2989,572174,575163,22
817000,2989,590034,593023,23
817000,2671,618353,621024,23
817000,2724,693844,696568,28
817000,2712,531103,533815,21
817500,3410,664160,667570,26
817500,2720,823349,826069,30
817500,2683,594907,597590,24
817500,2758,491356,494114,19
817500,2715,562023,564738,22
818000,2733,545935,548668,22
818000,2714,620701,623415,24
818000,2767,593145,595912,23
818000,2869,534017,536886,21
818000,2694,619175,621869,25
818500,2684,583011,585695,23
818500,2820,626696,629516,25
818500,2762,624060,626822,25
818500,2767,622987,625754,25
818500,2701,645844,648545,26
819000,2708,665887,668595,26
819000,2720,619552,622272,23
819000,2714,572677,575391,23
819000,2700,574979,577679,23
819000,2700,439986,442686,17
819500,2688,319927,322615,13
819500,2726,592972,595698,22
819500,2702,469552,472254,19
819500,2690,495576,498266,19
819500,2716,668573,671289,27
820000,2706,596341,599047,24
820000,2787,652670,655457,26
820000,2709,674104,676813,27
820000,2745,702731,705476,28
820000,2688,657241,659929,26
820500,2794,678126,680920,27
820500,2749,735466,738215,29
820500,2688,668443,671131,27
820500,2735,567628,570363,23
820500,2746,421266,424012,17
821000,2713,666351,669064,27
821000,2738,738211,740949,29
821000,2707,692855,695562,28
821000,2806,599641,602447,24
821000,2728,680662,683390,27
821500,2781,675077,677858,27
821500,2738,448370,451108,17
821500,2724,429222,431946,17
821500,2715,570347,573062,23
821500,2690,600478,603168,23
822000,2796,742689,745485,29
822000,2865,512753,515618,20
822000,3280,572614,575894,22
822000,2753,763980,766733,30
822000,2852,776508,779360,31
822500,2786,512687,515473,18
822500,2826,524176,527002,20
822500,2726,704349,707075,28
822500,2747,661651,664398,26
822500,2717,749979,752696,28
823000,2715,519716,522431,21
823000,3525,433399,436924,16
823000,2716,686684,689400,24
823000,4453,763437,767890,29
823000,2715,642416,645131,25
823500,2803,713477,716280,28
823500,2744,486304,489048,18
823500,2755,626365,629120,25
823500,2779,635268,638047,25
823500,3502,666783,670285,26
824000,3342,767376,770718,29
824000,3269,624950,628219,24
824000,2751,524309,527060,21
824000,3416,910317,913733,35
824000,3068,475392,478460,19
824500,2731,441439,444170,17
824500,2750,563073,565823,22
824500,2717,560465,563182,22
824500,2724,676682,679406,25
824500,3747,683428,687175,27
825000,2721,693338,696059,27
825000,2754,696960,699714,27
825000,2737,718725,721462,28
825000,2731,507892,510623,20
825000,2732,494288,497020,19
825500,2755,554425,557180,22
825500,2755,519796,522551,20
825500,2965,543577,546542,21
825500,2724,498804,501528,20
825500,2819,766198,769017,29
826000,3081,540219,543300,21
826000,2861,551884,554745,21
826000,3081,575151,578232,22
826000,2952,593460,596412,23
826000,2754,692305,695059,27
826500,2814,666318,669132,26
826500,2737,639847,642584,24
826500,2767,811763,814530,31
826500,3365,455813,459178,17
826500,2759,637422,640181,25
827000,3082,544727,547809,21
827000,2741,653025,655766,24
827000,2763,530745,533508,21
827000,2781,687511,690292,26
827000,2758,754099,756857,29
827500,2759,603700,606459,23
827500,2769,542046,544815,21
827500,2758,491314,494072,19
827500,2758,536108,538866,21
827500,3076,657402,660478,26
828000,2771,572094,574865,22
828000,2758,791702,794460,29
828000,2758,618532,621290,25
828000,2964,599418,602382,24
828000,2728,545445,548173,21
828500,2982,582367,585349,23
828500,3033,732558,735591,28
828500,2887,576833,579720,22
828500,2771,553108,555879,22
828500,2842,637196,640038,25
829000,2768,582904,585672,23
829000,2748,562740,565488,21
829000,3385,599738,603123,24
829000,2750,651926,654676,26
829000,3751,765274,769025,30
829500,2774,611711,614485,22
829500,2845,626508,629353,22
829500,3003,687125,690128,27
829500,2788,654535,657323,26
829500,2769,533848,536617,21
830000,2737,683807,686544,26
830000,2737,703928,706665,27
830000,2767,633183,635950,24
830000,2732,627859,630591,24
830000,2759,602069,604828,23
830500,2779,506708,509487,20
830500,2746,553751,556497,21
830500,2746,610406,613152,24
830500,2754,503126,505880,19
830500,2818,778212,781030,27
831000,2759,710737,713496,25
831000,2768,684550,687318,26
831000,2781,745804,748585,28
831000,2743,673310,676053,26
831000,2767,759143,761910,30
831500,2740,644748,647488,25
831500,2820,656236,659056,25
831500,2750,457969,460719,18
831500,3280,630081,633361,23
831500,3478,705476,708954,27
832000,2894,563781,566675,21
832000,2800,728487,731287,27
832000,2753,718701,721454,28
832000,2775,616582,619357,24
832000,2750,713708,716458,28
832500,2774,723312,726086,28
832500,2808,501432,504240,19
832500,2784,584701,587485,23
832500,2825,753125,755950,29
832500,2743,563376,566119,22
833000,3011,660262,663273,26
833000,2764,698119,700883,27
833000,2746,708826,711572,28
833000,2765,605770,608535,24
833000,2921,650395,653316,25
833500,3712,699074,702786,25
833500,2760,721414,724174,26
833500,3585,701538,705123,26
833500,2843,714112,716955,26
833500,4135,645458,649593,22
834000,3476,794377,797853,28
834000,2792,547676,550468,21
834000,2841,632670,635511,24
834000,3798,570954,574752,20
834000,3981,888377,892358,28
834500,2751,643880,646631,23
834500,2875,792684,795559,30
834500,2791,725682,728473,27
834500,2813,722879,725692,28
834500,2791,628379,631170,24
835000,3111,333526,336637,13
835000,3029,552352,555381,21
835000,2786,619084,621870,24
835000,2784,596668,599452,23
835000,2799,628142,630941,24
835500,2790,547513,550303,21
835500,2829,667681,670510,25
835500,2808,597000,599808,23
835500,2790,700934,703724,27
835500,2790,565063,567853,22
836000,2797,720333,723130,28
836000,2886,689608,692494,26
836000,2806,758412,761218,29
836000,2791,646975,649766,25
836000,2815,544937,547752,21
836500,2896,600386,603282,23
836500,2788,530898,533686,20
836500,2791,755820,758611,29
836500,2941,761007,763948,29
836500,2802,595492,598294,23
837000,2815,585020,587835,22
837000,2831,737198,740029,28
837000,2887,640842,643729,24
837000,2828,625897,628725,24
837000,2940,602998,605938,23
837500,2832,619262,622094,24
837500,2841,555500,558341,21
837500,2842,587265,590107,23
837500,2802,574084,576886,22
837500,2798,563473,566271,22
838000,3069,639224,642293,23
838000,3299,640263,643562,23
838000,2762,607039,609801,21
838000,3465,753473,756938,24
838000,2859,599197,602056,23
838500,2761,676543,679304,26
838500,2764,666632,669396,25
838500,2774,531040,533814,21
838500,2744,606481,609225,24
838500,2744,484868,487612,19
839000,2784,540193,542977,21
839000,2839,539697,542536,21
839000,2781,452113,454894,18
839000,2772,789556,792328,28
839000,3234,667381,670615,26
839500,2761,524120,526881,20
839500,2901,625648,628549,24
839500,3034,619371,622405,24
839500,2804,633735,636539,25
839500,2747,665545,668292,26
840000,3243,640848,644091,25
840000,2733,642084,644817,22
840000,2839,482407,485246,19
840000,3287,559436,562723,22
840000,2775,620999,623774,25
840500,2772,557197,559969,22
840500,3080,694269,697349,26
840500,2769,629168,631937,25
840500,2764,708116,710880,28
840500,3221,673505,676726,26
841000,2814,640444,643258,25
841000,2803,723956,726759,27
841000,3055,566367,569422,22
841000,2809,664013,666822,26
841000,3116,635662,638778,24
841500,2809,703713,706522,27
841500,2835,630438,633273,24
841500,2840,628639,631479,24
841500,2897,603088,605985,23
841500,2814,621432,624246,24
842000,2844,676347,679191,26
842000,4443,606139,610582,20
842000,3983,594092,598075,23
842000,4671,629148,633819,21
842000,2786,513996,516782,20
842500,3047,750653,753700,29
842500,2826,754741,757567,29
842500,2780,556029,558809,21
842500,2804,651726,654530,25
842500,2810,703912,706722,27
843000,2820,548184,551004,21
843000,2845,482356,485201,18
843000,2818,619725,622543,24
843000,2772,773759,776531,30
843000,2776,617208,619984,24
843500,2830,584153,586983,22
843500,2832,560112,562944,21
843500,2840,612156,614996,23
843500,2814,528573,531387,20
843500,2824,632141,634965,24
844000,2798,754635,757433,28
844000,7650,644265,651915,24
844000,2814,700747,703561,27
844000,2815,595699,598514,23
844000,2880,477777,480657,18
844500,2899,686241,689140,26
844500,2855,715733,718588,27
844500,3061,646671,649732,25
844500,2829,717160,719989,27
844500,2817,734827,737644,28
845000,2844,594046,596890,22
845000,2887,688991,691878,26
845000,2816,514564,517380,20
845000,2850,546656,549506,21
845000,2900,627471,630371,24
845500,2830,654155,656985,25
845500,2827,876396,879223,30
845500,2822,543963,546785,21
845500,2929,637830,640759,24
845500,2835,572008,574843,22
846000,3440,544945,548385,21
846000,2824,692193,695017,26
846000,2824,662716,665540,25
846000,2864,667837,670701,21
846000,2854,598563,601417,23
846500,2834,766668,769502,29
846500,3184,622832,626016,24
846500,2868,716610,719478,27
846500,2806,634360,637166,24
846500,2814,707089,709903,27
847000,2843,463999,466842,18
847000,2831,699861,702692,26
847000,2857,630118,632975,24
847000,2825,736267,739092,28
847000,2795,623547,626342,24
847500,2804,652251,655055,25
847500,2810,682081,684891,25
847500,2896,616725,619621,23
847500,3350,502947,506297,19
847500,2940,446084,449024,17
848000,2832,578002,580834,22
848000,2852,693326,696178,25
848000,2795,631766,634561,24
848000,2823,841624,844447,32
848000,2839,602751,605590,23
848500,2842,607465,610307,23
848500,2880,532485,535365,20
848500,2828,603142,605970,23
848500,2831,574413,577244,22
848500,2822,619335,622157,24
849000,2805,651874,654679,24
849000,2848,731320,734168,27
849000,2839,657452,660291,25
849000,2831,652881,655712,25
849000,2917,680068,682985,26
849500,3022,760330,763352,29
849500,2832,724424,727256,27
849500,2838,519357,522195,20
849500,2989,541716,544705,21
849500,2859,655999,658858,25
850000,2990,786671,789661,30
850000,3947,586852,590799,22
850000,3224,647308,650532,25
850000,2834,693434,696268,26
850000,2850,708334,711184,27
850500,2859,739051,741910,28
850500,2859,776085,778944,29
850500,2866,517831,520697,20
850500,2837,633632,636469,24
850500,2851,491366,494217,19
851000,2841,579040,581881,22
851000,2841,609966,612807,23
851000,2841,579245,582086,22
851000,2813,524907,527720,20
851000,2858,628660,631518,24
851500,2838,704707,707545,27
851500,2845,705770,708615,26
851500,2830,499330,502160,19
851500,2911,607944,610855,23
851500,2824,611836,614660,23
852000,2844,553390,556234,21
852000,2845,770879,773724,29
852000,2857,601301,604158,23
852000,2853,527228,530081,20
852000,2844,603639,606483,23
852500,2849,630588,633437,24
852500,2803,630040,632843,23
852500,2823,748582,751405,28
852500,2845,669033,671878,25
852500,2841,605903,608744,23
853000,2908,703302,706210,27
853000,2842,664205,667047,25
853000,2845,605897,608742,23
853000,2849,824061,826910,29
853000,2827,658785,661612,25
853500,2949,826070,829019,31
853500,2831,677002,679833,26
853500,2855,613460,616315,23
853500,2898,443854,446752,17
853500,2830,583079,585909,21
854000,3108,608934,612042,23
854000,2818,600188,603006,22
854000,2913,587330,590243,22
854000,2847,608094,610941,23
854000,2863,552967,555830,21
854500,2848,751052,753900,28
854500,4842,426255,431097,16
854500,2873,690003,692876,26
854500,2857,605401,608258,23
854500,2871,565010,567881,21
855000,2855,526454,529309,20
855000,2852,589638,592490,22
855000,2854,711323,714177,27
855000,2916,635275,638191,24
855000,2803,916130,918933,35
855500,2891,681195,684086,26
855500,2909,736273,739182,27
855500,3302,605866,609168,23
855500,2853,656501,659354,25
855500,2854,584100,586954,22
856000,2856,611665,614521,23
856000,2872,638284,641156,23
856000,2855,493585,496440,19
856000,2824,495261,498085,19
856000,2806,582978,585784,22
856500,2894,550129,553023,21
856500,2888,566464,569352,21
856500,2855,697474,700329,26
856500,3390,630910,634300,24
856500,2855,658863,661718,25
857000,2862,632209,635071,24
857000,2891,616816,619707,23
857000,2878,633617,636495,24
857000,2826,624506,627332,24
857000,3637,633872,637509,24
857500,2859,661774,664633,25
857500,3256,607396,610652,22
857500,2846,497218,500064,19
857500,2872,657524,660396,25
857500,2921,636113,639034,24
858000,2861,592707,595568,22
858000,2937,701601,704538,26
858000,2861,579094,581955,22
858000,2859,519398,522257,20
858000,3291,555818,559109,21
858500,3080,614393,617473,23
858500,2880,749366,752246,28
858500,3179,723581,726760,27
858500,3047,477280,480327,18
858500,2862,765604,768466,27
859000,3512,676389,679901,25
859000,2832,525984,528816,19
859000,2866,475385,478251,18
859000,2867,611852,614719,23
859000,2880,792852,795732,27
859500,2878,512600,515478,19
859500,2890,631063,633953,23
859500,2955,687916,690871,26
859500,2875,667123,669998,25
859500,3964,677299,681263,25
860000,2833,529568,532401,20
860000,3602,686566,690168,25
860000,3005,604487,607492,23
860000,2869,606271,609140,23
860000,3307,744206,747513,28
860500,2885,532761,535646,20
860500,3002,704705,707707,26
860500,2993,611194,614187,23
860500,2891,522560,525451,20
860500,2915,560760,563675,21
861000,2889,668501,671390,25
861000,2870,644513,647383,24
861000,3247,666846,670093,25
861000,2847,783063,785910,30
861000,2938,714021,716959,26
861500,3175,544374,547549,20
861500,3043,495967,499010,18
861500,2886,716284,719170,27
861500,2884,586294,589178,22
861500,2885,669299,672184,25
862000,3461,666993,670454,25
862000,2867,548247,551114,20
862000,2852,689414,692266,26
862000,3139,577001,580140,22
862000,2844,666733,669577,25
862500,2875,865251,868126,27
862500,2874,559282,562156,21
862500,2827,647965,650792,24
862500,2875,399561,402436,15
862500,3472,408975,412447,15
863000,2901,725208,728109,27
863000,2902,625983,628885,23
863000,2882,638537,641419,24
863000,2969,625255,628224,23
863000,2951,766331,769282,29
863500,2878,721947,724825,27
863500,2946,791343,794289,29
863500,2874,644664,647538,24
863500,2832,704277,707109,27
863500,2927,621290,624217,24
864000,2834,460046,462880,17
864000,2881,701468,704349,26
864000,2879,542872,545751,21
864000,2919,656777,659696,25
864000,2851,639850,642701,24
864500,2855,744863,747718,26
864500,2884,820199,823083,30
864500,2862,588260,591122,22
864500,2880,579905,582785,22
864500,2880,770960,773840,29
865000,2852,605811,608663,23
865000,2898,599793,602691,22
865000,2910,531742,534652,20
865000,2882,658599,661481,25
865000,2872,728897,731769,27
865500,2946,633598,636544,24
865500,2947,770064,773011,29
865500,2839,528758,531597,20
865500,2852,682289,685141,26
865500,2865,656835,659700,25
866000,2857,575433,578290,22
866000,2854,618531,621385,23
866000,2856,548579,551435,21
866000,2870,577097,579967,22
866000,2915,656208,659123,25
866500,2901,483430,486331,18
866500,2901,626738,629639,23
866500,2847,474848,477695,18
866500,2943,669950,672893,25
866500,2892,555632,558524,21
867000,2894,641636,644530,24
867000,2846,677270,680116,25
867000,2863,659850,662713,24
867000,2859,705109,707968,25
867000,2872,683159,686031,26
867500,2865,637290,640155,24
867500,3100,704791,707891,25
867500,2875,586572,589447,22
867500,2883,845766,848649,32
867500,2865,708668,711533,27
868000,2861,603625,606486,23
868000,2897,688592,691489,26
868000,2872,655229,658101,25
868000,2855,572959,575814,22
868000,2879,345879,348758,13
868500,2880,556074,558954,21
868500,3490,705640,709130,26
868500,2882,737362,740244,28
868500,2894,637141,640035,24
868500,2862,579520,582382,22
869000,2864,554469,557333,21
869000,2869,726788,729657,27
869000,2879,538198,541077,20
869000,2865,513019,515884,19
869000,2859,585722,588581,22
869500,2849,669061,671910,25
869500,2853,590542,593395,22
869500,2865,746347,749212,28
869500,2895,923736,926631,35
869500,2921,553268,556189,21
870000,2867,629292,632159,24
870000,3676,623622,627298,22
870000,2905,582332,585237,22
870000,2877,600858,603735,23
870000,2916,584555,587471,22
870500,2851,398782,401633,15
870500,2874,723151,726025,26
870500,2928,537436,540364,20
870500,2906,509678,512584,19
870500,3882,592177,596059,22
871000,2856,748736,751592,28
871000,4757,507186,511943,19
871000,2871,600821,603692,23
871000,2896,666837,669733,25
871000,2857,610607,613464,23
871500,2873,715752,718625,27
871500,2881,663808,666689,25
871500,3850,758040,761890,28
871500,2844,697273,700117,22
871500,2917,673079,675996,26
872000,2858,639432,642290,24
872000,3941,651038,654979,24
872000,2845,681887,684732,25
872000,2872,667622,670494,25
872000,2906,538357,541263,20
872500,2887,641090,643977,24
872500,3002,596821,599823,21
872500,2890,585415,588305,22
872500,2859,748420,751279,28
872500,3635,798877,802512,28
873000,2950,721819,724769,27
873000,2889,619064,621953,23
873000,2894,615797,618691,23
873000,2900,603059,605959,23
873000,3095,538834,541929,20
873500,2917,589105,592022,22
873500,3094,791949,795043,29
873500,2866,613941,616807,23
873500,2848,600880,603728,23
873500,2891,480293,483184,18
874000,2976,639503,642479,24
874000,2910,615311,618221,22
874000,3069,737660,740729,28
874000,2881,632606,635487,24
874000,2889,552689,555578,21
874500,3394,562432,565826,21
874500,2898,549321,552219,20
874500,2889,613922,616811,23
874500,2937,640694,643631,24
874500,2881,557374,560255,21
875000,2884,610607,613491,23
875000,2920,515648,518568,19
875000,2894,776350,779244,29
875000,2891,694376,697267,26
875000,2916,588172,591088,22
875500,2895,593949,596844,22
875500,2954,675659,678613,25
875500,2885,559393,562278,21
875500,2922,738184,741106,27
875500,2903,671670,674573,25
876000,2907,780577,783484,29
876000,2896,758453,761349,28
876000,2909,569724,572633,21
876000,2909,687318,690227,26
876000,2957,536153,539110,20
876500,2957,647904,650861,24
876500,3161,638457,641618,23
876500,2886,722223,725109,27
876500,2941,478784,481725,18
876500,2876,776497,779373,29
877000,2882,689823,692705,26
877000,2924,620379,623303,23
877000,2898,664009,666907,25
877000,2888,643486,646374,24
877000,2948,672475,675423,25
877500,2892,556970,559862,21
877500,3007,710974,713981,25
877500,2895,587411,590306,22
877500,2937,509996,512933,19
877500,2887,620796,623683,23
878000,2900,675631,678531,25
878000,2908,701518,704426,26
878000,2920,604622,607542,23
878000,2906,721788,724694,27
878000,2873,547874,550747,20
878500,3751,605826,609577,22
878500,2949,770259,773208,28
878500,2898,663426,666324,25
878500,2908,923176,926084,35
878500,2895,562384,565279,21
879000,2911,615440,618351,23
879000,2881,639676,642557,23
879000,3205,666149,669354,25
879000,2901,500608,503509,19
879000,2913,825951,828864,31
879500,2943,691669,694612,26
879500,2900,684993,687893,25
879500,3129,725922,729051,27
879500,2905,571340,574245,21
879500,3282,436638,439920,16
880000,3364,644636,648000,24
880000,2900,560109,563009,20
880000,2872,671723,674595,25
880000,2954,536868,539822,20
880000,2933,648403,651336,24
880500,2939,789013,791952,29
880500,3767,675872,679639,25
880500,2916,612772,615688,23
880500,2935,749072,752007,28
880500,2937,818569,821506,31
881000,2906,634613,637519,23
881000,2904,617792,620696,22
881000,3675,607795,611470,21
881000,2926,560424,563350,21
881000,2959,666500,669459,25
881500,3018,491935,494953,18
881500,3207,571700,574907,21
881500,2889,640158,643047,23
881500,2937,681825,684762,25
881500,3213,669869,673082,25
882000,2927,587208,590135,22
882000,3008,689248,692256,25
882000,2943,631630,634573,24
882000,2907,511113,514020,19
882000,2902,685868,688770,25
882500,2907,685044,687951,25
882500,2906,731410,734316,27
882500,2913,638202,641115,24
882500,2918,748390,751308,28
882500,3454,613303,616757,23
883000,2910,565550,568460,21
883000,2934,497348,500282,18
883000,2978,784312,787290,29
883000,2965,696934,699899,26
883000,2916,700292,703208,26
883500,3012,648677,651689,24
883500,3011,654106,657117,24
883500,3207,609215,612422,23
883500,2927,524934,527861,20
883500,2905,623211,626116,23
884000,3677,666419,670096,22
884000,3197,593624,596821,21
884000,2929,613413,616342,23
884000,2928,799692,802620,30
884000,2921,726888,729809,27
884500,2925,608467,611392,22
884500,3073,752569,755642,27
884500,2914,624365,627279,23
884500,2920,735403,738323,27
884500,3741,652831,656572,24
885000,2932,559907,562839,21
885000,2918,685939,688857,25
885000,2900,665749,668649,25
885000,2917,808564,811481,30
885000,2924,761949,764873,28
885500,2960,706718,709678,26
885500,2960,743690,746650,27
885500,3125,695877,699002,26
885500,2968,604673,607641,22
885500,2940,674499,677439,25
886000,2918,620755,623673,23
886000,2908,768823,771731,28
886000,2944,646611,649555,24
886000,3001,596592,599593,22
886000,2939,603332,606271,22
886500,2920,564009,566929,21
886500,2954,643650,646604,23
886500,2909,627356,630265,23
886500,2934,630463,633397,23
886500,2895,575223,578118,21
887000,2940,721278,724218,27
887000,3665,557025,560690,20
887000,2925,610443,613368,23
887000,3037,495043,498080,18
887000,2923,540207,543130,20
887500,2968,715452,718420,26
887500,2911,549236,552147,20
887500,3002,711927,714929,26
887500,2946,484842,487788,18
887500,2961,716098,719059,26
888000,3035,684035,687070,25
888000,2934,684862,687796,24
888000,2926,619922,622848,23
888000,2998,696268,699266,25
888000,2939,714258,717197,26
888500,2963,557940,560903,20
888500,3017,694021,697038,25
888500,2932,536283,539215,20
888500,2913,535241,538154,20
888500,2909,688686,691595,25
889000,2938,574865,577803,21
889000,2929,790529,793458,29
889000,2944,586641,589585,20
889000,2993,711458,714451,26
889000,2957,532081,535038,18
889500,3634,618080,621714,23
889500,2935,711530,714465,26
889500,2953,726654,729607,27
889500,2931,674803,677734,25
889500,2963,634688,637651,23
890000,2937,535788,538725,20
890000,2935,690959,693894,25
890000,2945,753096,756041,27
890000,2946,497971,500917,18
890000,2931,682956,685887,25
890500,3234,684511,687745,25
890500,2962,713631,716593,26
890500,2895,782626,785521,29
890500,2939,685290,688229,25
890500,2933,536990,539923,20
891000,2938,651449,654387,24
891000,3287,701261,704548,25
891000,2955,605493,608448,22
891000,2952,642494,645446,24
891000,2978,701505,704483,26
891500,2964,629344,632308,23
891500,2996,518699,521695,18
891500,2961,465574,468535,17
891500,2941,715021,717962,26
891500,2959,677052,680011,25
892000,2962,628673,631635,23
892000,2924,669193,672117,24
892000,3706,746478,750184,24
892000,2975,595889,598864,22
892000,2943,672859,675802,25
892500,2950,761198,764148,28
892500,2976,674408,677384,25
892500,2926,540619,543545,20
892500,2942,653965,656907,24
892500,3066,826627,829693,30
893000,2946,524414,527360,19
893000,3018,731496,734514,26
893000,2941,563710,566651,21
893000,2963,614269,617232,23
893000,2944,792061,795005,29
893500,2927,627980,630907,23
893500,3018,654562,657580,23
893500,3294,593798,597092,22
893500,2945,629306,632251,23
893500,2957,632324,635281,23
894000,2960,537635,540595,20
894000,2958,554299,557257,20
894000,2979,585913,588892,22
894000,2950,775634,778584,28
894000,2984,490868,493852,18
894500,3011,532014,535025,19
894500,2981,702829,705810,25
894500,3058,688817,691875,25
894500,2982,607686,610668,22
894500,3194,718829,722023,24
895000,2952,680517,683469,25
895000,3011,502846,505857,18
895000,2983,684367,687350,25
895000,3000,745660,748660,27
895000,2965,600536,603501,22
895500,3010,912716,915726,33
895500,2937,610813,613750,22
895500,2937,651840,654777,24
895500,2969,693496,696465,25
895500,3055,537784,540839,20
896000,2933,657926,660859,23
896000,2958,610535,613493,22
896000,3017,683885,686902,25
896000,2982,866761,869743,32
896000,2965,635748,638713,23
896500,2956,573820,576776,21
896500,2938,560294,563232,20
896500,2985,613644,616629,22
896500,2968,603673,606641,22
896500,2966,550820,553786,20
897000,2962,705886,708848,25
897000,2961,609501,612462,21
897000,2985,677304,680289,25
897000,3296,755190,758486,28
897000,2956,628583,631539,23
897500,2981,680501,683482,25
897500,3034,662646,665680,22
897500,3119,658906,662025,24
897500,2968,663195,666163,25
897500,3012,567954,570966,21
898000,3192,601503,604695,22
898000,2989,756571,759560,27
898000,2985,663006,665991,24
898000,2974,573445,576419,21
898000,3004,619401,622405,23
898500,3778,636364,640142,23
898500,2976,447094,450070,15
898500,2978,794572,797550,29
898500,2963,577762,580725,21
898500,2978,775918,778896,29
899000,2968,704594,707562,24
899000,5339,732354,737693,25
899000,2987,632111,635098,23
899000,3716,783378,787094,28
899000,2982,743854,746836,27
899500,3885,735877,739762,27
899500,3621,693435,697056,25
899500,2974,553315,556289,20
899500,3035,547845,550880,20
899500,2987,706574,709561,26
900000,2978,578543,581521,21
900000,2973,747340,750313,27
900000,3031,679699,682730,25
900000,3657,730072,733729,25
900000,2973,656229,659202,24
900500,3157,599307,602464,22
900500,3036,502443,505479,18
900500,2983,733009,735992,26
900500,2970,679041,682011,25
900500,2998,820067,823065,30
901000,3074,676355,679429,25
901000,2964,668304,671268,24
901000,3091,661033,664124,24
901000,3019,660342,663361,24
901000,3003,605812,608815,22
901500,3012,521288,524300,19
901500,3055,649007,652062,23
901500,2955,524700,527655,19
901500,3025,640360,643385,23
901500,2950,667276,670226,24
902000,3012,523345,526357,19
902000,3310,758044,761354,27
902000,2977,603170,606147,22
902000,2993,696759,699752,25
902000,3041,696408,699449,25
902500,3330,742688,746018,27
902500,5687,802162,807849,29
902500,3116,602024,605140,22
902500,3002,675087,678089,25
902500,3006,602666,605672,22
903000,2969,524974,527943,19
903000,2991,729850,732841,26
903000,3016,596808,599824,22
903000,2998,573697,576695,21
903000,2986,761962,764948,28
903500,3018,714709,717727,26
903500,3054,690801,693855,24
903500,3022,752364,755386,27
903500,3441,659423,662864,24
903500,2971,521466,524437,19
904000,3021,757887,760908,28
904000,3020,704600,707620,26
904000,2979,763783,766762,28
904000,2996,678166,681162,25
904000,2963,621987,624950,23
904500,2973,524968,527941,19
904500,3014,722528,725542,26
904500,2998,603751,606749,22
904500,2989,604544,607533,22
904500,3038,613840,616878,22
905000,2977,525290,528267,19
905000,3037,595809,598846,21
905000,3028,691864,694892,25
905000,2998,598238,601236,22
905000,2997,512181,515178,19
905500,3047,647652,650699,23
905500,3022,605342,608364,21
905500,3171,590060,593231,20
905500,2992,627339,630331,23
905500,2994,746999,749993,27
906000,2990,664836,667826,24
906000,3033,538432,541465,17
906000,3038,590971,594009,21
906000,3827,740704,744531,26
906000,3035,510480,513515,18
906500,3062,552734,555796,20
906500,3021,598705,601726,21
906500,3022,786767,789789,28
906500,3039,790908,793947,28
906500,3021,669417,672438,24
907000,2990,579278,582268,21
907000,3009,803727,806736,28
907000,3064,675624,678688,24
907000,3051,706970,710021,25
907000,3046,562655,565701,20
907500,3039,762922,765961,27
907500,3041,631630,634671,23
907500,2974,637719,640693,23
907500,3061,723689,726750,26
907500,3026,628251,631277,22
908000,3472,735557,739029,26
908000,3044,655409,658453,23
908000,3043,705650,708693,25
908000,3033,792737,795770,28
908000,3765,679277,683042,24
908500,3031,668741,671772,23
908500,3060,682317,685377,24
908500,3029,681204,684233,24
908500,3037,755411,758448,27
908500,3033,629469,632502,22
909000,3032,725570,728602,26
909000,3063,788785,791848,28
909000,3317,645662,648979,23
909000,3033,564639,567672,20
909000,3028,561089,564117,20
909500,3029,704199,707228,25
909500,4972,737707,742679,26
909500,3170,562021,565191,20
909500,3176,727710,730886,25
909500,3045,844620,847665,30
910000,3151,563578,566729,20
910000,3058,656644,659702,23
910000,3037,620875,623912,22
910000,3033,560825,563858,20
910000,3385,757849,761234,27
910500,3065,616203,619268,22
910500,3049,656695,659744,23
910500,3051,712253,715304,25
910500,3061,509128,512189,18
910500,3038,840905,843943,30
911000,3085,564596,567681,20
911000,3591,933696,937287,33
911000,3038,557348,560386,20
911000,3056,704897,707953,25
911000,3174,781702,784876,28
911500,3006,560027,563033,20
911500,3000,824856,827856,28
911500,3018,559857,562875,20
911500,2988,741848,744836,27
911500,2990,586088,589078,21
912000,3293,415830,419123,15
912000,3046,747634,750680,26
912000,3042,751267,754309,27
912000,3058,618830,621888,22
912000,3283,591507,594790,21
912500,3051,765063,768114,27
912500,3226,570510,573736,20
912500,2983,580441,583424,21
912500,3008,466899,469907,17
912500,3358,638216,641574,22
913000,3010,595994,599004,21
913000,3070,606481,609551,21
913000,3050,791955,795005,28
913000,3044,740929,743973,26
913000,3073,815295,818368,29
913500,3055,614229,617284,22
913500,3045,669414,672459,23
913500,3014,553838,556852,20
913500,3495,735938,739433,26
913500,3047,678768,681815,24
914000,3088,879549,882637,31
914000,3048,704839,707887,25
914000,3098,594210,597308,21
914000,3064,531820,534884,19
914000,3068,658549,661617,23
914500,3031,612695,615726,21
914500,3210,658657,661867,23
914500,3064,682785,685849,24
914500,3062,721407,724469,26
914500,3070,623978,627048,22
915000,3645,684919,688564,24
915000,3079,775529,778608,27
915000,3050,738621,741671,26
915000,3049,539844,542893,19
915000,3452,815015,818467,29
915500,3060,736279,739339,26
915500,3141,651738,654879,23
915500,3095,692353,695448,24
915500,3118,672908,676026,24
915500,3113,648867,651980,23
916000,3116,680563,683679,24
916000,3092,694183,697275,24
916000,3060,590025,593085,21
916000,4116,397448,401564,14
916000,3369,596063,599432,21
916500,3080,765491,768571,27
916500,3182,755834,759016,27
916500,3080,872462,875542,31
916500,3065,703185,706250,25
916500,3057,701820,704877,25
917000,3089,703437,706526,25
917000,3015,689875,692890,24
917000,3060,759108,762168,27
917000,3090,533962,537052,19
917000,3081,651730,654811,23
917500,3084,827795,830879,29
917500,3067,708980,712047,25
917500,3099,697764,700863,24
917500,3064,589300,592364,21
917500,3412,831778,835190,29
918000,3067,734288,737355,26
918000,3095,544364,547459,19
918000,3063,702987,706050,25
918000,3715,654955,658670,23
918000,3071,569065,572136,20
918500,3041,702863,705904,25
918500,4580,549882,554462,19
918500,3104,678191,681295,24
918500,3119,544869,547988,19
918500,4139,727944,732083,25
919000,3052,637890,640942,23
919000,3082,615732,618814,21
919000,3179,821142,824321,29
919000,3075,654795,657870,23
919000,3110,874802,877912,30
919500,3015,650544,653559,23
919500,3129,724192,727321,25
919500,3058,744789,747847,26
919500,3153,615126,618279,22
919500,3783,677304,681087,24
920000,3078,720512,723590,25
920000,3683,687450,691133,24
920000,3078,688289,691367,24
920000,3067,721315,724382,25
920000,3284,625118,628402,22
920500,3081,660178,663259,23
920500,3077,664597,667674,23
920500,3104,513636,516740,18
920500,3178,649508,652686,23
920500,3124,743563,746687,25
921000,3085,796792,799877,28
921000,3074,798753,801827,28
921000,3118,768058,771176,27
921000,3087,733214,736301,26
921000,3194,952532,955726,31
921500,3026,634276,637302,22
921500,3107,560427,563534,19
921500,3081,683948,687029,24
921500,3100,478498,481598,17
921500,3121,806442,809563,28
922000,3125,691337,694462,24
922000,3129,649088,652217,22
922000,3125,759921,763046,27
922000,3100,731250,734350,26
922000,3076,692235,695311,24
922500,3050,692700,695750,24
922500,3093,740312,743405,25
922500,3077,591836,594913,21
922500,3187,711617,714804,25
922500,3075,704628,707703,25
923000,3088,660265,663353,23
923000,3091,607229,610320,21
923000,3646,567206,570852,20
923000,3043,676157,679200,24
923000,3053,574772,577825,20
923500,3121,743101,746222,26
923500,3087,691754,694841,24
923500,3532,768219,771751,27
923500,3158,605253,608411,21
923500,3069,571074,574143,20
924000,3071,862181,865252,26
924000,3433,645003,648436,23
924000,3118,596199,599317,21
924000,3112,543797,546909,19
924000,3112,778531,781643,27
924500,3107,710130,713237,25
924500,3589,922355,925944,32
924500,3086,711462,714548,25
924500,3081,624866,627947,22
924500,3107,687813,690920,24
925000,3145,822294,825439,29
925000,3115,452078,455193,16
925000,3189,610807,613996,21
925000,3092,630861,633953,22
925000,3081,662687,665768,23
925500,3092,656985,660077,23
925500,3096,824816,827912,28
925500,3129,707826,710955,25
925500,3431,830895,834326,29
925500,3093,764520,767613,27
926000,3486,806599,810085,28
926000,3105,741504,744609,25
926000,3379,626151,629530,22
926000,3517,693116,696633,24
926000,3093,683556,686649,24
926500,3113,839553,842666,28
926500,3739,677994,681733,23
926500,3084,539115,542199,19
926500,3040,480922,483962,17
926500,3116,609306,612422,21
927000,3126,487472,490598,17
927000,3811,737646,741457,25
927000,3127,823832,826959,29
927000,3103,683937,687040,24
927000,3098,638359,641457,22
927500,3142,627561,630703,22
927500,3107,669264,672371,23
927500,3186,431174,434360,15
927500,3106,690217,693323,24
927500,3207,636432,639639,22
928000,3641,686368,690009,24
928000,3108,667480,670588,22
928000,3073,679439,682512,24
928000,3180,733584,736764,26
928000,3084,713939,717023,25
928500,3115,714723,717838,25
928500,3894,552373,556267,19
928500,3138,600720,603858,21
928500,3896,748043,751939,26
928500,3443,881024,884467,31
929000,3308,629823,633131,22
929000,3095,731207,734302,25
929000,3965,611116,615081,20
929000,3178,893513,896691,31
929000,3102,688571,691673,24
929500,3152,688463,691615,24
929500,3168,520162,523330,18
929500,3120,820899,824019,28
929500,3694,631595,635289,22
929500,3304,654936,658240,23
930000,3625,572889,576514,20
930000,3094,602977,606071,21
930000,3096,549567,552663,19
930000,3058,778696,781754,27
930000,3684,630092,633776,22
930500,3163,746960,750123,26
930500,3102,738727,741829,25
930500,3109,630230,633339,22
930500,3348,577533,580881,20
930500,3111,688376,691487,24
931000,3127,660278,663405,23
931000,3130,626313,629443,21
931000,3127,519008,522135,18
931000,3122,698398,701520,24
931000,3324,629756,633080,22
931500,3110,718476,721586,25
931500,3709,457208,460917,16
931500,3515,832194,835709,29
931500,3087,684746,687833,22
931500,3119,814232,817351,28
932000,3498,667985,671483,23
932000,3857,830319,834176,28
932000,3094,744244,747338,26
932000,3213,605572,608785,21
932000,3161,549007,552168,19
932500,3143,775398,778541,27
932500,3234,664591,667825,23
932500,3101,700742,703843,25
932500,3144,659405,662549,23
932500,3139,695344,698483,24
933000,3132,620651,623783,21
933000,3111,748423,751534,26
933000,3083,654035,657118,23
933000,3089,592811,595900,21
933000,3101,594423,597524,20
933500,3458,696675,700133,24
933500,3174,754704,757878,26
933500,3148,544205,547353,19
933500,3130,743938,747068,26
933500,3146,604046,607192,21
934000,3150,498825,501975,17
934000,3266,686094,689360,23
934000,3133,632742,635875,22
934000,3089,620787,623876,21
934000,3861,774858,778719,26
934500,3190,702470,705660,24
934500,4517,761153,765670,26
934500,3281,698740,702021,24
934500,3812,546292,550104,19
934500,3249,687281,690530,24
935000,3132,696169,699301,24
935000,4955,530826,535781,18
935000,3921,719881,723802,25
935000,3120,714979,718099,25
935000,3169,462167,465336,16
935500,3359,777703,781062,27
935500,3126,753668,756794,26
935500,3180,691390,694570,24
935500,3131,720750,723881,25
935500,3131,698960,702091,24
936000,4028,605047,609075,21
936000,3138,685935,689073,23
936000,3153,688679,691832,24
936000,3249,759772,763021,26
936000,3221,719675,722896,25
936500,3073,687013,690086,24
936500,4711,715709,720420,25
936500,3129,847667,850796,29
936500,3090,611120,614210,21
936500,3104,873410,876514,29
937000,3144,736785,739929,25
937000,3150,734832,737982,25
937000,3376,816351,819727,28
937000,3591,636116,639707,22
937000,3089,625779,628868,22
937500,4057,708795,712852,25
937500,3439,655001,658440,22
937500,3555,736832,740387,26
937500,3916,675488,679404,23
937500,3141,702618,705759,24
938000,3156,661074,664230,23
938000,4451,741337,745788,25
938000,3127,638682,641809,22
938000,3127,697048,700175,24
938000,3084,570648,573732,20
938500,3181,785385,788566,27
938500,3127,593120,596247,20
938500,3177,748891,752068,26
938500,3355,725802,729157,25
938500,3211,873633,876844,30
939000,3140,813885,817025,28
939000,3311,778868,782179,27
939000,3134,633532,636666,22
939000,3248,552507,555755,19
939000,3755,838983,842738,29
939500,3840,651726,655566,22
939500,3155,765544,768699,26
939500,3134,750299,753433,26
939500,3137,605051,608188,21
939500,3463,805405,808868,28
940000,3234,695392,698626,24
940000,3146,646660,649806,22
940000,3137,733965,737102,26
940000,3144,705390,708534,24
940000,3145,612477,615622,21
940500,3179,646961,650140,22
940500,3175,739637,742812,25
940500,3163,586903,590066,20
940500,3140,720281,723421,25
940500,3192,612261,615453,21
941000,3472,643267,646739,22
941000,3772,454969,458741,15
941000,3157,579887,583044,20
941000,3145,670105,673250,23
941000,3110,735886,738996,25
941500,3131,594848,597979,20
941500,3191,564151,567342,19
941500,3100,715941,719041,25
941500,3113,801014,804127,28
941500,3118,794433,797551,27
942000,3134,775965,779099,24
942000,3135,815357,818492,27
942000,3272,721766,725038,25
942000,3176,811427,814603,28
942000,3408,667751,671159,23
942500,3146,677518,680664,23
942500,3128,765693,768821,26
942500,3142,616524,619666,21
942500,3148,677650,680798,23
942500,3162,672690,675852,23
943000,3264,625784,629048,21
943000,3167,626332,629499,21
943000,3167,665439,668606,23
943000,3102,618711,621813,21
943000,3366,666454,669820,23
943500,3266,760304,763570,26
943500,3163,761105,764268,26
943500,3154,791557,794711,27
943500,3164,564848,568012,19
943500,3191,494673,497864,17
944000,3311,527483,530794,18
944000,3199,655058,658257,22
944000,3158,700891,704049,24
944000,3172,619318,622490,21
944000,3181,553044,556225,19
944500,3133,763780,766913,26
944500,3161,664460,667621,22
944500,3116,831192,834308,28
944500,3174,721574,724748,25
944500,3184,641148,644332,22
945000,3201,790023,793224,27
945000,3153,773490,776643,26
945000,3525,717132,720657,24
945000,3116,643334,646450,22
945000,3104,839190,842294,28
945500,3162,640604,643766,22
945500,3278,591144,594422,20
945500,3510,783276,786786,27
945500,3124,760205,763329,26
945500,3479,847838,851317,29
946000,3131,689377,692508,24
946000,3468,736815,740283,25
946000,3196,497679,500875,17
946000,3171,690250,693421,24
946000,3163,872260,875423,30
946500,3210,704039,707249,24
946500,5516,821329,826845,27
946500,3118,765156,768274,26
946500,3492,844554,848046,29
946500,3220,594489,597709,20
947000,3429,888801,892230,29
947000,3169,830042,833211,28
947000,3162,707538,710700,24
947000,3159,674688,677847,23
947000,3958,746395,750353,26
947500,3109,698229,701338,24
947500,3182,747068,750250,25
947500,3159,754503,757662,26
947500,3153,649828,652981,22
947500,3163,822817,825980,28
948000,3469,733335,736804,25
948000,3250,778439,781689,26
948000,3192,622159,625351,21
948000,3190,754643,757833,26
948000,3319,744599,747918,25
948500,3470,648650,652120,22
948500,3273,799858,803131,27
948500,3185,715480,718665,24
948500,3172,781176,784348,27
948500,3191,698057,701248,24
949000,3143,661168,664311,23
949000,3167,688858,692025,23
949000,3166,806333,809499,28
949000,3133,737033,740166,25
949000,3151,593207,596358,20
949500,3938,673299,677237,21
949500,3156,832360,835516,27
949500,3874,653204,657078,22
949500,3164,901925,905089,31
949500,3169,583015,586184,20
950000,3131,693689,696820,24
950000,5574,704256,709830,24
950000,3216,755268,758484,26
950000,3150,710890,714040,24
950000,3176,626399,629575,21
950500,3254,695553,698807,23
950500,3561,662210,665771,22
950500,3125,942197,945322,28
950500,3168,522187,525355,18
950500,3156,706803,709959,24
951000,3137,608022,611159,21
951000,3170,687402,690572,23
951000,3405,764051,767456,26
951000,3237,679639,682876,23
951000,3171,813859,817030,28
951500,3170,752326,755496,26
951500,3138,748386,751524,25
951500,3196,730084,733280,25
951500,3341,828396,831737,28
951500,3260,587055,590315,20
952000,3179,840934,844113,28
952000,3163,561251,564414,18
952000,3178,527439,530617,18
952000,3139,880531,883670,30
952000,3174,590120,593294,20
952500,3301,811578,814879,27
952500,3125,775458,778583,26
952500,3183,793125,796308,27
952500,3376,743829,747205,23
952500,3201,791953,795154,27
953000,3193,645891,649084,22
953000,3199,589699,592898,20
953000,3187,694087,697274,23
953000,3137,745143,748280,25
953000,3924,680659,684583,23
953500,3256,664228,667484,22
953500,3305,692718,696023,23
953500,3177,644285,647462,22
953500,3389,680739,684128,23
953500,3182,614709,617891,21
954000,3185,563385,566570,19
954000,3144,600598,603742,20
954000,3195,620855,624050,21
954000,3291,648812,652103,22
954000,3199,653120,656319,22
954500,3261,600856,604117,20
954500,3568,967759,971327,31
954500,3181,603004,606185,20
954500,3142,736276,739418,25
954500,3215,800437,803652,27
955000,3204,534795,537999,18
955000,3145,779878,783023,26
955000,3133,832399,835532,28
955000,3150,545766,548916,18
955000,3195,794743,797938,27
955500,3333,734884,738217,25
955500,3149,635753,638902,21
955500,3193,701512,704705,24
955500,3188,679110,682298,23
955500,3185,832251,835436,28
956000,3215,533227,536442,18
956000,3235,691913,695148,23
956000,3193,776192,779385,26
956000,3268,775987,779255,26
956000,3210,647592,650802,22
956500,3212,627380,630592,21
956500,3236,746475,749711,25
956500,3153,681450,684603,23
956500,3170,643388,646558,22
956500,3363,827280,830643,28
957000,3196,502433,505629,17
957000,3212,692795,696007,22
957000,3168,730889,734057,25
957000,3165,763775,766940,26
957000,3318,769887,773205,26
957500,3193,673689,676882,23
957500,5821,806356,812177,27
957500,3208,739264,742472,25
957500,3497,654995,658492,22
957500,3204,762207,765411,25
958000,3194,889293,892487,30
958000,3234,771610,774844,26
958000,3208,746711,749919,25
958000,3194,851971,855165,28
958000,3277,770395,773672,26
958500,4200,622983,627183,21
958500,3197,671156,674353,22
958500,3195,689400,692595,23
958500,3223,652210,655433,22
958500,3195,971151,974346,33
959000,3190,760258,763448,26
959000,3181,567025,570206,19
959000,3197,884855,888052,30
959000,3170,765252,768422,26
959000,3212,700766,703978,23
959500,8585,619649,628234,20
959500,3167,688477,691644,23
959500,3231,771766,774997,26
959500,3293,622372,625665,21
959500,3180,651459,654639,22
960000,3270,736524,739794,25
960000,3322,653846,657168,22
960000,3327,568104,571431,19
960000,3204,749541,752745,25
960000,3616,585434,589050,20
960500,3222,684194,687416,23
960500,3219,546731,549950,18
960500,3202,879331,882533,29
960500,3246,747923,751169,25
960500,3201,859086,862287,29
961000,3247,567093,570340,19
961000,3223,515816,519039,17
961000,3206,540139,543345,18
961000,3207,681413,684620,23
961000,3378,621245,624623,21
961500,3204,647456,650660,22
961500,3347,534907,538254,18
961500,3257,662028,665285,22
961500,3204,834723,837927,28
961500,3204,684627,687831,23
962000,3222,731099,734321,24
962000,3173,733555,736728,24
962000,4170,605219,609389,20
962000,3179,649510,652689,22
962000,3209,720420,723629,24
962500,3234,664177,667411,22
962500,3486,488584,492070,16
962500,3264,739722,742986,25
962500,3213,607219,610432,21
962500,4192,895048,899240,30
963000,3581,561269,564850,19
963000,3222,809496,812718,27
963000,3274,563502,566776,19
963000,3257,563789,567046,19
963000,3252,773936,777188,26
963500,3240,539716,542956,18
963500,3265,793569,796834,26
963500,3221,679181,682402,23
963500,3210,597958,601168,20
963500,3178,799992,803170,27
964000,3218,600299,603517,20
964000,3213,870057,873270,29
964000,3291,733276,736567,25
964000,3213,717201,720414,24
964000,3349,686214,689563,23
964500,3291,861269,864560,28
964500,3977,814521,818498,27
964500,3201,564063,567264,19
964500,3274,802283,805557,27
964500,3223,766576,769799,26
965000,3237,1008406,1011643,34
965000,3228,622595,625823,21
965000,3190,593781,596971,20
965000,3229,631199,634428,21
965000,3239,697645,700884,23
965500,3181,675338,678519,23
965500,4610,654991,659601,22
965500,3391,519576,522967,17
965500,3232,721788,725020,24
965500,3219,592961,596180,20
966000,3637,668703,672340,22
966000,3590,690396,693986,23
966000,3246,782812,786058,26
966000,3240,712518,715758,24
966000,3219,637144,640363,22
966500,4359,754656,759015,25
966500,3264,725847,729111,24
966500,3258,864729,867987,29
966500,3248,695401,698649,23
966500,3194,725243,728437,24
967000,3232,664038,667270,22
967000,8662,765551,774213,25
967000,3694,684650,688344,23
967000,3234,680981,684215,23
967000,3181,568913,572094,19
967500,3244,869768,873012,29
967500,3248,833470,836718,28
967500,3208,557714,560922,19
967500,3189,710078,713267,24
967500,3187,504049,507236,17
968000,3206,626185,629391,21
968000,3236,577183,580419,19
968000,3230,481448,484678,16
968000,3221,602274,605495,20
968000,3887,593176,597063,20
968500,3232,653568,656800,22
968500,3269,570851,574120,18
968500,3229,664477,667706,22
968500,3237,783780,787017,26
968500,3162,714796,717958,24
969000,3212,659127,662339,22
969000,3325,928902,932227,30
969000,3244,714929,718173,24
969000,4279,513147,517426,17
969000,3287,744582,747869,25
969500,3193,594364,597557,20
969500,3259,835150,838409,25
969500,3246,624791,628037,21
969500,3404,815422,818826,27
969500,3230,763039,766269,23
970000,3281,828576,831857,27
970000,3255,869391,872646,29
970000,3253,571845,575098,19
970000,3276,728658,731934,24
970000,3257,477750,481007,16
970500,3297,810668,813965,27
970500,3238,632522,635760,21
970500,3222,661492,664714,22
970500,3261,599202,602463,20
970500,3239,718725,721964,24
971000,3239,690333,693572,23
971000,4335,819815,824150,27
971000,3247,716890,720137,24
971000,3295,721861,725156,24
971000,3243,1013937,1017180,34
971500,3238,901111,904349,30
971500,3301,701066,704367,23
971500,3246,511353,514599,17
971500,3300,544169,547469,18
971500,3242,767531,770773,25
972000,3248,653536,656784,22
972000,3303,790211,793514,24
972000,3495,623789,627284,21
972000,3207,660569,663776,22
972000,3326,631931,635257,21
972500,3245,784870,788115,26
972500,3281,543846,547127,18
972500,3243,622282,625525,21
972500,3357,746081,749438,25
972500,3209,639494,642703,21
973000,3225,815724,818949,27
973000,3273,759083,762356,25
973000,3254,681116,684370,23
973000,3206,718748,721954,24
973000,4080,901190,905270,28
973500,3294,639042,642336,21
973500,3279,622231,625510,20
973500,3297,815319,818616,27
973500,3761,731607,735368,24
973500,3245,602733,605978,20
974000,3241,614735,617976,20
974000,3318,876908,880226,28
974000,3252,838437,841689,28
974000,3250,625663,628913,21
974000,3238,774637,777875,26
974500,3713,792084,795797,22
974500,4068,633758,637826,21
974500,3336,731030,734366,24
974500,3351,711245,714596,24
974500,3212,850367,853579,28
975000,3384,728165,731549,23
975000,3292,677155,680447,22
975000,3267,660023,663290,22
975000,3271,717221,720492,24
975000,3256,830065,833321,27
975500,3256,755627,758883,25
975500,3255,634159,637414,21
975500,3258,720853,724111,24
975500,3301,697087,700388,23
975500,3329,751274,754603,25
976000,3270,545029,548299,18
976000,3574,768826,772400,25
976000,3336,514335,517671,17
976000,3267,787157,790424,26
976000,3283,578753,582036,19
976500,3258,781433,784691,26
976500,3962,693897,697859,23
976500,3465,832463,835928,27
976500,3277,572933,576210,19
976500,3262,700308,703570,23
977000,3276,794721,797997,22
977000,3252,708746,711998,23
977000,3257,942171,945428,31
977000,3412,848707,852119,28
977000,3363,788421,791784,26
977500,4695,759093,763788,25
977500,3259,656675,659934,22
977500,3642,728408,732050,24
977500,3260,871421,874681,29
977500,3829,678254,682083,22
978000,3289,571580,574869,19
978000,3773,839535,843308,26
978000,3225,692821,696046,23
978000,3346,665834,669180,22
978000,3290,719478,722768,24
978500,3264,902933,906197,30
978500,3280,821252,824532,27
978500,3257,627365,630622,21
978500,3299,681731,685030,22
978500,3755,576993,580748,19
979000,3269,876770,880039,28
979000,4486,547434,551920,18
979000,3484,758651,762135,25
979000,3267,646538,649805,21
979000,3308,705984,709292,21
979500,3345,824932,828277,27
979500,3293,522124,525417,17
979500,3299,513918,517217,17
979500,3300,729429,732729,24
979500,3497,618519,622016,20
980000,3305,721921,725226,24
980000,3282,914476,917758,30
980000,3285,578799,582084,19
980000,3277,700079,703356,23
980000,3296,720316,723612,24
980500,3953,733418,737371,24
980500,3275,667713,670988,22
980500,3971,644775,648746,21
980500,3239,742754,745993,24
980500,3280,983401,986681,32
981000,3239,491642,494881,16
981000,3252,655757,659009,21
981000,3233,747821,751054,25
981000,3755,682702,686457,22
981000,3313,632881,636194,21
981500,3273,548700,551973,18
981500,3268,644047,647315,21
981500,3279,633985,637264,21
981500,3238,668858,672096,22
981500,3384,433975,437359,14
982000,3293,563492,566785,18
982000,3287,622872,626159,20
982000,3276,849259,852535,28
982000,3275,807733,811008,27
982000,3238,879523,882761,28
982500,3268,636098,639366,21
982500,3330,860145,863475,28
982500,3250,773202,776452,25
982500,3288,814584,817872,27
982500,3306,845511,848817,28
983000,4464,731309,735773,24
983000,3349,790523,793872,26
983000,3245,675277,678522,22
983000,3277,634416,637693,21
983000,3393,855492,858885,28
983500,3284,759287,762571,25
983500,3282,890525,893807,29
983500,3279,730423,733702,24
983500,3295,852562,855857,28
983500,3280,727947,731227,24
984000,3409,551243,554652,18
984000,3296,673230,676526,22
984000,3421,738837,742258,24
984000,3357,851913,855270,27
984000,3258,730316,733574,24
984500,3896,822753,826649,27
984500,3319,728070,731389,24
984500,3331,675433,678764,22
984500,3450,640339,643789,21
984500,3320,729614,732934,24
985000,3285,763614,766899,25
985000,3287,672179,675466,22
985000,3290,793374,796664,26
985000,3329,768780,772109,25
985000,3288,824860,828148,27
985500,3376,732823,736199,24
985500,3495,666967,670462,22
985500,3271,724856,728127,24
985500,3284,794224,797508,26
985500,3408,879541,882949,29
986000,3355,518678,522033,17
986000,3388,785925,789313,25
986000,3419,734641,738060,24
986000,3286,771907,775193,25
986000,3271,661739,665010,21
986500,3322,761258,764580,25
986500,3376,741072,744448,24
986500,3295,596921,600216,19
986500,3334,721764,725098,23
986500,3290,824410,827700,27
987000,3466,797761,801227,26
987000,3302,887321,890623,29
987000,3832,765436,769268,25
987000,3499,579235,582734,19
987000,3289,855665,858954,28
987500,3239,630996,634235,21
987500,3569,750402,753971,24
987500,3794,731415,735209,24
987500,3307,609171,612478,20
987500,3304,673739,677043,22
988000,3310,611794,615104,20
988000,3762,621098,624860,20
988000,3295,850491,853786,28
988000,3351,741583,744934,24
988000,3326,519377,522703,17
988500,3297,921329,924626,30
988500,3318,643877,647195,21
988500,3315,766410,769725,25
988500,3370,836381,839751,27
988500,3300,791727,795027,26
989000,3329,636690,640019,21
989000,3730,846910,850640,24
989000,4110,592386,596496,19
989000,3339,581840,585179,19
989000,3382,761313,764695,25
989500,3276,731743,735019,24
989500,3285,715887,719172,23
989500,4273,644972,649245,21
989500,3330,760192,763522,25
989500,4736,728514,733250,24
990000,3681,734254,737935,24
990000,3327,649858,653185,21
990000,3303,667737,671040,22
990000,3349,631854,635203,20
990000,3409,704248,707657,23
990500,3320,645593,648913,21
990500,3323,878261,881584,28
990500,3284,648437,651721,21
990500,3908,616062,619970,20
990500,3306,832452,835758,27
991000,3304,827995,831299,27
991000,3304,804758,808062,26
991000,3318,852652,855970,28
991000,3308,791594,794902,26
991000,3514,731998,735512,24
991500,3376,619922,623298,20
991500,11319,637003,648322,20
991500,3325,730298,733623,24
991500,3292,712374,715666,23
991500,3275,518239,521514,17
992000,3282,742421,745703,24
992000,3365,735013,738378,24
992000,3316,668231,671547,22
992000,3366,585763,589129,19
992000,3380,823327,826707,27
992500,3333,687613,690946,22
992500,3374,611665,615039,20
992500,3554,679793,683347,22
992500,3326,587385,590711,19
992500,3466,923017,926483,30
993000,3324,820250,823574,27
993000,3316,708416,711732,23
993000,3338,707939,711277,23
993000,3363,730630,733993,24
993000,3443,649354,652797,21
993500,3350,807365,810715,26
993500,3279,670173,673452,22
993500,3444,731512,734956,24
993500,3331,722035,725366,24
993500,3794,606503,610297,20
994000,4511,684309,688820,20
994000,3342,720970,724312,23
994000,3597,804083,807680,26
994000,3863,672916,676779,22
994000,3278,771731,775009,25
994500,3279,730370,733649,24
994500,3333,647513,650846,21
994500,3691,709768,713459,23
994500,3475,705084,708559,23
994500,3337,625420,628757,20
995000,3369,801755,805124,26
995000,3919,708762,712681,23
995000,3343,774013,777356,25
995000,3374,706040,709414,23
995000,3704,608542,612246,20
995500,3336,618352,621688,20
995500,3319,668466,671785,21
995500,3341,705660,709001,23
995500,3349,645543,648892,20
995500,3369,772179,775548,25
996000,3300,839081,842381,27
996000,3740,713458,717198,23
996000,3337,645158,648495,21
996000,3344,638803,642147,21
996000,3322,763584,766906,24
996500,4300,757541,761841,24
996500,3348,605109,608457,19
996500,3325,804172,807497,26
996500,3278,930491,933769,30
996500,3339,861921,865260,28
997000,3342,602973,606315,19
997000,3461,670283,673744,21
997000,3877,644769,648646,21
997000,3376,802481,805857,26
997000,3435,647152,650587,21
997500,3375,674295,677670,21
997500,3782,805536,809318,26
997500,3359,770545,773904,25
997500,3326,708192,711518,23
997500,3351,829616,832967,25
998000,3375,733442,736817,23
998000,3320,589438,592758,19
998000,3458,690594,694052,22
998000,3484,679811,683295,22
998000,3332,820379,823711,26
998500,3372,845167,848539,27
998500,3336,614983,618319,20
998500,3347,756141,759488,25
998500,3380,630123,633503,19
998500,3312,794062,797374,26
999000,3349,677460,680809,22
999000,3552,1112360,1115912,33
999000,4270,762771,767041,23
999000,3381,547128,550509,18
999000,3323,742191,745514,24
999500,3299,860620,863919,28
999500,3316,749946,753262,24
999500,3352,713569,716921,23
999500,3298,813313,816611,26
999500,3476,589831,593307,19
1000000,3344,672867,676211,22
1000000,5435,873192,878627,28
1000000,4303,685311,689614,22
1000000,3448,974823,978271,32
1000000,3372,710017,713389,23
1000500,3342,640933,644275,21
1000500,3401,868957,872358,28
1000500,3330,775310,778640,25
